1 152
1 150
1 152
2 152
2 151
3 151
3 151
4 151
5 151
6 151
7 151
7 150
7 151
7 152
7 154
9 154
11 154
13 154
11 154
13 154
14 154
14 154
14 154
14 154
14 154
14 154
14 154
14 154
14 154
14 154
14 154
14 154
14 154
14 154
14 154
14 154
14 154
14 154
14 154
14 154
14 153
15 153
15 153
16 153
18 153
20 153
22 153
24 153
26 153
28 153
31 153
34 153
31 153
34 153
37 153
40 153
43 153
43 150
1 152
1 150
1 152
2 152
4 152
6 152
8 152
10 152
12 152
14 152
16 152
18 152
20 152
22 152
24 152
26 152
28 152
30 152
32 152
34 152
36 152
38 152
40 152
42 152
44 152
46 152
48 152
50 152
52 152
54 152
56 152
58 152
60 152
62 152
64 152
66 152
68 152
70 152
72 152
74 152
76 152
78 152
80 152
82 152
84 152
86 152
88 152
90 152
92 152
94 152
96 152
98 152
100 152
102 152
104 152
106 152
108 152
110 152
112 152
114 152
116 152
118 152
120 152
122 152
124 152
126 152
128 152
130 152
132 152
134 152
136 152
138 152
140 152
142 152
144 152
146 152
148 152
150 152
1 152
2 152
4 152
6 152
8 152
10 152
12 152
14 152
16 152
18 152
20 152
22 152
24 152
26 152
28 152
30 152
32 152
34 152
36 152
38 152
40 152
42 152
44 152
46 152
48 152
50 152
52 152
54 152
56 152
58 152
59 152
61 152
63 152
66 152
69 152
66 152
62 152
57 152
52 152
47 152
42 152
37 152
32 152
27 152
22 152
17 152
12 152
7 152
2 152
1 152
2 152
3 152
4 152
5 152
6 152
7 152
8 152
9 152
10 152
11 152
12 152
12 152
12 152
12 152
12 152
12 152
12 152
12 152
12 152
12 152
12 152
12 152
12 152
12 152
12 152
12 152
12 152
12 152
12 152
12 152
12 152
12 152
12 152
12 152
12 152
12 152
12 152
12 152
12 152
12 152
12 152
12 152
12 152
12 152
12 152
12 152
12 152
12 152
12 152
12 152
12 152
12 152
12 152
12 152
12 152
12 152
12 152
12 152
12 152
12 152
12 152
12 152
12 152
12 152
12 152
12 152
12 152
12 152
12 152
12 152
12 152
12 152
12 152
12 152
12 152
12 152
12 152
12 152
12 152
12 152
12 152
12 152
12 152
12 152
12 152
12 152
12 152
12 152
12 152
12 152
12 152
12 152
12 152
12 152
12 152
12 152
12 152
12 152
12 152
12 152
12 152
12 152
12 152
12 152
12 152
12 152
12 152
12 152
12 152
12 152
12 152
12 152
12 152
12 152
12 152
12 152
12 152
12 152
12 152
12 152
12 152
12 152
12 152
12 152
12 152
12 152
12 152
12 152
12 152
12 152
12 152
12 152
12 152
12 152
12 152
12 152
12 152
12 152
12 152
12 152
12 152
12 152
12 152
12 152
12 152
12 152
12 152
12 152
12 152
12 152
12 152
12 152
12 152
12 152
12 152
12 152
12 152
12 152
12 152
12 152
12 152
12 152
12 152
12 152
12 152
12 152
12 152
12 152
12 152
12 152
12 152
12 152
12 152
12 152
12 152
12 152
12 152
12 152
12 152
12 152
12 152
12 152
12 152
12 152
12 152
12 152
12 152
12 152
12 152
12 152
12 152
12 152
12 152
12 152
12 152
12 152
12 152
12 152
12 152
12 152
12 152
12 152
12 152
12 152
12 152
12 152
12 152
12 152
12 152
12 152
12 152
12 152
12 152
12 152
12 152
12 152
12 152
12 152
12 152
12 152
12 152
12 152
12 152
12 152
12 152
12 152
12 152
12 152
12 152
12 152
12 152
12 152
12 152
12 152
12 152
12 152
12 152
12 152
12 152
12 152
12 152
12 152
12 152
12 152
12 152
12 152
12 152
12 152
12 152
12 152
12 152
12 152
12 152
12 152
12 152
12 152
12 152
12 152
12 152
12 152
12 152
12 152
12 152
12 152
12 152
12 152
12 152
12 152
12 152
12 152
12 152
12 152
12 152
12 152
12 152
12 152
12 152
12 152
12 152
12 152
12 152
12 152
12 152
12 152
12 152
12 152
12 152
12 152
12 152
12 152
12 152
12 152
12 152
12 152
12 152
12 152
12 152
12 152
12 152
1 152
2 152
3 152
4 152
5 152
6 152
7 152
8 152
9 152
10 152
11 152
12 152
13 152
14 152
15 152
16 152
17 152
18 152
19 152
20 152
21 152
22 152
23 152
24 152
25 152
26 152
27 152
28 152
29 152
30 152
31 152
32 152
33 152
34 152
35 152
36 152
37 152
38 152
39 152
40 152
41 152
42 152
44 152
46 152
49 152
52 152
56 152
60 152
64 152
68 152
72 152
76 152
80 152
84 152
88 152
93 152
88 152
83 152
78 152
73 152
78 152
83 152
88 152
93 152
98 152
103 152
108 152
113 152
118 152
123 152
128 152
133 152
138 152
143 152
148 152
153 152
1 152
2 152
4 152
6 152
8 152
10 152
12 152
14 152
16 152
18 152
20 152
22 152
24 152
26 152
28 152
30 152
32 152
34 152
36 152
38 152
41 152
44 152
47 152
50 152
53 152
56 152
59 152
62 152
65 152
68 152
71 152
74 152
77 152
80 152
83 152
86 152
89 152
92 152
95 152
98 152
102 152
106 152
110 152
114 152
118 152
122 152
126 152
130 152
134 152
138 152
141 152
145 152
148 152
1 152
2 152
3 152
4 152
5 152
6 152
7 152
8 152
9 152
10 152
11 152
12 152
13 152
14 152
15 152
16 152
17 152
18 152
19 152
20 152
21 152
22 152
23 152
24 152
25 152
26 152
28 152
30 152
32 152
34 152
36 152
38 152
40 152
42 152
44 152
46 152
48 152
51 152
54 152
57 152
60 152
63 152
66 152
68 152
71 152
74 152
77 152
80 152
83 152
86 152
90 152
94 152
98 152
102 152
106 152
110 152
114 152
118 152
114 152
118 152
114 152
118 152
122 152
118 152
122 152
118 152
122 152
126 152
122 152
126 152
122 152
126 152
122 152
126 152
122 152
126 152
122 152
126 152
122 152
126 152
122 152
126 152
122 152
126 152
122 152
126 152
122 152
126 152
122 152
126 152
122 152
126 152
122 152
126 152
122 152
126 152
122 152
126 152
122 152
126 152
122 152
126 152
122 152
126 152
122 152
126 152
122 152
126 152
122 152
126 152
122 152
126 152
122 152
126 152
1 152
2 152
4 152
6 152
8 152
10 152
12 152
14 152
16 152
18 152
20 152
22 152
24 152
26 152
28 152
30 152
32 152
34 152
36 152
38 152
40 152
42 152
44 152
42 152
44 152
46 152
48 152
50 152
52 152
54 152
57 152
60 152
63 152
66 152
69 152
72 152
75 152
78 152
81 152
85 152
89 152
92 152
96 152
99 152
103 152
106 152
110 152
113 152
117 152
120 152
124 152
127 152
131 152
134 152
138 152
134 152
131 152
134 152
138 152
134 152
131 152
134 152
138 152
134 152
131 152
134 152
138 152
134 152
131 152
134 152
138 152
134 152
131 152
134 152
138 152
134 152
131 152
134 152
138 152
134 152
131 152
134 152
138 152
134 152
131 152
134 152
137 152
140 152
142 152
145 152
142 152
145 152
142 152
145 152
142 152
145 152
142 152
140 152
137 152
135 152
137 152
140 152
142 152
145 152
147 152
150 152
147 152
145 152
144 152
145 152
146 152
147 152
148 152
149 152
150 152
151 152
1 152
2 152
3 152
4 152
5 152
6 152
7 152
8 152
9 152
10 152
11 152
12 152
13 152
14 152
15 152
16 152
17 152
18 152
19 152
20 152
21 152
22 152
23 152
24 152
25 152
26 152
27 152
28 152
29 152
30 152
31 152
32 152
33 152
34 152
35 152
36 152
37 152
36 152
37 152
38 152
39 152
40 152
41 152
42 152
43 152
44 152
45 152
46 152
47 152
48 152
49 152
50 152
51 152
52 152
53 152
54 152
55 152
56 152
58 152
61 152
64 152
68 152
72 152
76 152
80 152
84 152
88 152
92 152
96 152
100 152
104 152
108 152
112 152
115 152
119 152
122 152
126 152
129 152
133 152
136 152
140 152
136 152
131 152
126 152
121 152
116 152
111 152
116 152
121 152
126 152
121 152
126 152
121 152
126 152
121 152
126 152
121 152
126 152
121 152
126 152
121 152
126 152
121 152
126 152
121 152
116 152
121 152
116 152
121 152
116 152
121 152
116 152
121 152
116 152
121 152
116 152
121 152
126 152
121 152
126 152
121 152
126 152
121 152
126 152
121 152
126 152
121 152
126 152
121 152
126 152
121 152
126 152
121 152
126 152
121 152
126 152
121 152
126 152
121 152
126 152
121 152
126 152
121 152
126 152
121 152
126 152
121 152
126 152
121 152
126 152
121 152
126 152
121 152
126 152
121 152
116 152
121 152
116 152
121 152
116 152
121 152
116 152
121 152
116 152
121 152
116 152
121 152
116 152
121 152
116 152
111 152
116 152
111 152
116 152
111 152
116 152
111 152
116 152
111 152
116 152
121 152
116 152
121 152
116 152
121 152
116 152
121 152
116 152
121 152
116 152
121 152
116 152
111 152
116 152
120 152
125 152
120 152
115 152
110 152
115 152
120 152
124 152
129 152
124 152
119 152
114 152
119 152
123 152
128 152
123 152
118 152
123 152
118 152
123 152
127 152
130 152
134 152
137 152
141 152
137 152
141 152
137 152
141 152
137 152
141 152
137 152
141 152
137 152
141 152
137 152
141 152
137 152
141 152
137 152
141 152
137 152
141 152
137 152
141 152
137 152
141 152
137 152
141 152
137 152
141 152
137 152
141 152
137 152
141 152
137 152
141 152
137 152
141 152
137 152
141 152
137 152
141 152
137 152
141 152
137 152
141 152
137 152
141 152
137 152
141 152
137 152
141 152
137 152
141 152
137 152
141 152
137 152
141 152
137 152
141 152
137 152
141 152
137 152
1 152
2 152
4 152
6 15