Episode,Distance
0,429
1,428
2,414
3,427
4,405
5,424
6,429
7,428
8,428
9,429
10,215
11,429
12,427
13,430
14,429
15,412
16,428
17,424
18,431
19,428
20,90
21,428
22,430
23,430
24,430
25,176
26,429
27,430
28,427
29,428
30,234
31,430
32,430
33,429
34,431
35,183
36,426
37,423
38,428
39,429
40,340
41,428
42,417
43,431
44,424
45,73
46,424
47,430
48,428
49,412
50,356
51,426
52,431
53,429
54,429
55,181
56,400
57,431
58,431
59,421
60,0
61,430
62,427
63,429
64,414
65,212
66,429
67,423
68,427
69,430
70,59
71,428
72,426
73,417
74,428
75,346
76,424
77,427
78,428
79,428
80,413
81,431
82,428
83,428
84,428
85,89
86,431
87,414
88,431
89,428
90,374
91,428
92,428
93,428
94,428
95,47
96,419
97,424
98,422
99,429
100,233
101,427
102,428
103,428
104,417
105,43
106,428
107,428
108,431
109,427
110,131
111,427
112,428
113,427
114,420
115,19
116,431
117,427
118,431
119,428
120,69
121,429
122,423
123,429
124,428
125,300
126,431
127,428
128,432
129,428
130,12
131,428
132,432
133,430
134,431
135,58
136,431
137,431
138,428
139,417
140,256
141,428
142,427
143,427
144,428
145,82
146,427
147,424
148,429
149,428
150,7
151,427
152,431
153,430
154,427
155,316
156,428
157,415
158,427
159,427
160,182
161,431
162,431
163,431
164,428
165,75
166,428
167,414
168,415
169,428
170,267
171,428
172,421
173,431
174,428
175,383
176,424
177,428
178,428
179,417
180,362
181,428
182,428
183,427
184,424
185,176
186,411
187,427
188,430
189,428
190,109
191,430
192,412
193,416
194,424
195,182
196,417
197,428
198,415
199,428
200,414
201,428
202,414
203,425
204,431
205,216
206,428
207,417
208,423
209,425
210,52
211,428
212,428
213,423
214,419
215,74
216,424
217,428
218,427
219,422
220,279
221,419
222,431
223,428
224,412
225,186
226,428
227,428
228,430
229,429
230,340
231,420
232,428
233,428
234,422
235,121
236,428
237,428
238,417
239,418
240,32
241,428
242,421
243,422
244,422
245,10
246,429
247,428
248,428
249,428
250,17
251,427
252,428
253,423
254,428
255,348
256,419
257,430
258,426
259,432
260,5
261,428
262,428
263,429
264,424
265,58
266,431
267,424
268,427
269,430
270,183
271,428
272,428
273,428
274,413
275,272
276,424
277,430
278,431
279,427
280,43
281,429
282,427
283,430
284,428
285,82
286,421
287,424
288,428
289,429
290,36
291,431
292,430
293,428
294,423
295,81
296,425
297,428
298,428
299,427
300,278
301,430
302,420
303,428
304,428
305,166
306,428
307,428
308,430
309,428
310,155
311,424
312,425
313,418
314,427
315,269
316,427
317,401
318,427
319,424
320,47
321,425
322,423
323,428
324,428
325,252
326,427
327,423
328,424
329,428
330,258
331,416
332,425
333,428
334,431
335,220
336,432
337,427
338,428
339,428
340,248
341,428
342,414
343,431
344,427
345,381
346,431
347,428
348,430
349,426
350,74
351,431
352,428
353,427
354,428
355,29
356,417
357,428
358,427
359,423
360,184
361,427
362,431
363,419
364,428
365,161
366,424
367,427
368,415
369,428
370,97
371,431
372,428
373,428
374,428
375,393
376,428
377,431
378,429
379,425
380,41
381,427
382,428
383,418
384,428
385,124
386,427
387,414
388,431
389,428
390,268
391,431
392,431
393,426
394,430
395,56
396,427
397,421
398,417
399,423
400,428
401,430
402,430
403,429
404,368
405,105
406,430
407,415
408,427
409,430
410,12
411,422
412,430
413,426
414,426
415,23
416,431
417,427
418,416
419,403
420,264
421,426
422,427
423,428
424,428
425,69
426,427
427,428
428,427
429,430
430,81
431,424
432,426
433,431
434,428
435,84
436,431
437,432
438,431
439,427
440,383
441,430
442,430
443,428
444,431
445,379
446,417
447,432
448,419
449,427
450,10
451,431
452,430
453,428
454,428
455,390
456,423
457,425
458,421
459,421
460,60
461,427
462,429
463,427
464,428
465,191
466,425
467,416
468,427
469,431
470,298
471,422
472,424
473,393
474,425
475,82
476,403
477,428
478,428
479,409
480,59
481,423
482,429
483,424
484,428
485,211
486,413
487,427
488,428
489,431
490,394
491,408
492,415
493,424
494,428
495,296
496,420
497,425
498,431
499,431
500,417
501,417
502,428
503,411
504,429
505,223
506,430
507,429
508,431
509,430
510,396
511,430
512,425
513,416
514,422
515,62
516,415
517,420
518,414
519,427
520,182
521,422
522,426
523,432
524,431
525,133
526,415
527,424
528,428
529,416
530,333
531,420
532,428
533,416
534,410
535,107
536,425
537,415
538,419
539,420
540,381
541,415
542,415
543,399
544,431
545,94
546,428
547,427
548,428
549,411
550,145
551,428
552,431
553,422
554,418
555,185
556,397
557,427
558,420
559,421
560,152
561,430
562,428
563,428
564,427
565,181
566,426
567,424
568,420
569,428
570,99
571,416
572,428
573,430
574,428
575,164
576,429
577,431
578,431
579,430
580,99
581,431
582,425
583,428
584,429
585,31
586,396
587,431
588,417
589,415
590,46
591,428
592,421
593,430
594,430
595,411
596,425
597,420
598,409
599,423
600,420
601,427
602,428
603,428
604,431
605,284
606,428
607,427
608,403
609,430
610,8
611,428
612,428
613,429
614,429
615,261
616,431
617,428
618,431
619,429
620,143
621,417
622,431
623,430
624,427
625,369
626,431
627,418
628,431
629,430
630,85
631,427
632,428
633,430
634,425
635,186
636,425
637,424
638,428
639,428
640,6
641,430
642,417
643,418
644,431
645,381
646,415
647,428
648,421
649,420
650,167
651,428
652,416
653,428
654,425
655,47
656,415
657,425
658,431
659,423
660,399
661,427
662,427
663,420
664,431
665,35
666,406
667,417
668,429
669,428
670,216
671,409
672,416
673,425
674,431
675,385
676,431
677,413
678,421
679,403
680,324
681,421
682,428
683,421
684,431
685,22
686,416
687,423
688,429
689,420
690,92
691,421
692,417
693,424
694,430
695,14
696,428
697,423
698,405
699,413
700,325
701,430
702,428
703,428
704,431
705,40
706,417
707,421
708,412
709,427
710,52
711,421
712,428
713,424
714,430
715,350
716,428
717,427
718,431
719,405
720,172
721,423
722,426
723,428
724,429
725,223
726,428
727,428
728,392
729,423
730,350
731,426
732,424
733,428
734,407
735,77
736,428
737,423
738,411
739,428
740,147
741,430
742,417
743,424
744,428
745,141
746,427
747,428
748,413
749,404
750,105
751,412
752,428
753,420
754,427
755,233
756,428
757,428
758,431
759,401
760,96
761,415
762,430
763,415
764,428
765,26
766,428
767,404
768,426
769,421
770,151
771,418
772,430
773,424
774,397
775,228
776,428
777,425
778,413
779,419
780,399
781,422
782,428
783,423
784,419
785,33
786,431
787,431
788,423
789,421
790,166
791,415
792,430
793,427
794,419
795,74
796,428
797,425
798,383
799,423
800,424
801,415
802,428
803,383
804,427
805,166
806,430
807,422
808,427
809,424
810,46
811,427
812,425
813,431
814,385
815,360
816,427
817,431
818,428
819,431
820,382
821,414
822,429
823,411
824,421
825,186
826,420
827,427
828,427
829,382
830,182
831,402
832,424
833,394
834,428
835,88
836,427
837,427
838,431
839,423
840,1
841,430
842,426
843,398
844,415
845,186
846,427
847,423
848,427
849,428
850,180
851,428
852,423
853,428
854,419
855,165
856,416
857,416
858,431
859,417
860,316
861,428
862,428
863,428
864,422
865,427
866,412
867,423
868,425
869,428
870,173
871,430
872,425
873,400
874,419
875,133
876,409
877,411
878,428
879,417
880,384
881,416
882,425
883,428
884,431
885,199
886,417
887,414
888,428
889,416
890,73
891,422
892,427
893,430
894,427
895,285
896,424
897,407
898,428
899,396
900,383
901,430
902,414
903,398
904,401
905,90
906,431
907,430
908,419
909,425
910,217
911,427
912,420
913,428
914,414
915,421
916,431
917,431
918,424
919,431
920,75
921,417
922,427
923,412
924,427
925,408
926,428
927,427
928,428
929,420
930,31
931,421
932,425
933,428
934,430
935,110
936,431
937,431
938,427
939,424
940,179
941,428
942,418
943,426
944,429
945,166
946,410
947,378
948,428
949,422
950,305
951,431
952,417
953,397
954,420
955,0
956,425
957,413
958,431
959,426
960,43
961,420
962,428
963,420
964,412
965,90
966,429
967,428
968,428
969,418
970,13
971,415
972,421
973,423
974,407
975,64
976,428
977,408
978,425
979,431
980,412
981,417
982,431
983,418
984,407
985,225
986,432
987,424
988,429
989,428
990,284
991,428
992,425
993,405
994,427
995,8
996,428
997,431
998,423
999,414
1000,384
1001,416
1002,422
1003,425
1004,417
1005,187
1006,431
1007,428
1008,414
1009,430
1010,80
1011,428
1012,420
1013,414
1014,428
1015,400
1016,427
1017,430
1018,427
1019,427
1020,57
1021,415
1022,418
1023,428
1024,427
1025,17
1026,427
1027,423
1028,416
1029,420
1030,143
1031,424
1032,428
1033,407
1034,425
1035,98
1036,431
1037,428
1038,429
1039,430
1040,382
1041,428
1042,391
1043,424
1044,424
1045,150
1046,390
1047,419
1048,426
1049,425
1050,84
1051,431
1052,426
1053,425
1054,413
1055,173
1056,427
1057,431
1058,427
1059,418
1060,305
1061,429
1062,427
1063,428
1064,411
1065,305
1066,428
1067,429
1068,431
1069,418
1070,58
1071,419
1072,415
1073,416
1074,430
1075,166
1076,412
1077,418
1078,428
1079,427
1080,166
1081,429
1082,427
1083,416
1084,428
1085,409
1086,384
1087,428
1088,407
1089,427
1090,9
1091,429
1092,419
1093,430
1094,413
1095,53
1096,414
1097,412
1098,429
1099,428
1100,152
1101,424
1102,411
1103,425
1104,428
1105,67
1106,424
1107,427
1108,428
1109,429
1110,94
1111,427
1112,414
1113,429
1114,411
1115,53
1116,432
1117,431
1118,403
1119,423
1120,114
1121,406
1122,423
1123,423
1124,424
1125,299
1126,427
1127,426
1128,425
1129,431
1130,37
1131,421
1132,396
1133,421
1134,425
1135,70
1136,408
1137,428
1138,408
1139,428
1140,165
1141,427
1142,415
1143,412
1144,404
1145,339
1146,430
1147,427
1148,427
1149,423
1150,76
1151,428
1152,427
1153,419
1154,383
1155,351
1156,420
1157,397
1158,424
1159,427
1160,75
1161,422
1162,420
1163,419
1164,416
1165,379
1166,400
1167,415
1168,428
1169,428
1170,166
1171,411
1172,411
1173,428
1174,417
1175,61
1176,428
1177,426
1178,419
1179,420
1180,183
1181,427
1182,424
1183,428
1184,413
1185,164
1186,417
1187,413
1188,417
1189,427
1190,165
1191,424
1192,418
1193,428
1194,415
1195,173
1196,429
1197,428
1198,424
1199,421
1200,428
1201,418
1202,431
1203,429
1204,426
1205,163
1206,420
1207,425
1208,418
1209,411
1210,346
1211,392
1212,415
1213,401
1214,402
1215,2
1216,425
1217,431
1218,430
1219,428
1220,209
1221,415
1222,418
1223,423
1224,421
1225,296
1226,416
1227,418
1228,422
1229,412
1230,211
1231,427
1232,396
1233,424
1234,429
1235,76
1236,419
1237,405
1238,424
1239,424
1240,394
1241,431
1242,428
1243,417
1244,416
1245,65
1246,405
1247,425
1248,428
1249,420
1250,8
1251,406
1252,427
1253,415
1254,415
1255,266
1256,428
1257,422
1258,406
1259,426
1260,6
1261,421
1262,426
1263,417
1264,428
1265,8
1266,424
1267,409
1268,402
1269,425
1270,300
1271,428
1272,406
1273,428
1274,431
1275,169
1276,417
1277,423
1278,423
1279,418
1280,82
1281,418
1282,428
1283,428
1284,428
1285,37
1286,430
1287,428
1288,415
1289,417
1290,130
1291,400
1292,394
1293,431
1294,416
1295,181
1296,431
1297,424
1298,422
1299,428
1300,103
1301,428
1302,427
1303,427
1304,422
1305,143
1306,417
1307,426
1308,428
1309,421
1310,288
1311,405
1312,430
1313,430
1314,428
1315,54
1316,415
1317,411
1318,423
1319,417
1320,69
1321,408
1322,415
1323,426
1324,431
1325,151
1326,432
1327,428
1328,411
1329,427
1330,358
1331,428
1332,415
1333,424
1334,426
1335,336
1336,419
1337,419
1338,422
1339,417
1340,389
1341,415
1342,419
1343,423
1344,420
1345,392
1346,427
1347,425
1348,416
1349,419
1350,293
1351,409
1352,418
1353,428
1354,428
1355,71
1356,423
1357,412
1358,415
1359,427
1360,91
1361,431
1362,430
1363,404
1364,414
1365,105
1366,427
1367,414
1368,424
1369,390
1370,93
1371,428
1372,411
1373,422
1374,427
1375,174
1376,421
1377,428
1378,424
1379,411
1380,3
1381,428
1382,429
1383,418
1384,424
1385,29
1386,424
1387,429
1388,414
1389,384
1390,66
1391,405
1392,420
1393,430
1394,386
1395,375
1396,419
1397,415
1398,428
1399,411
1400,401
1401,431
1402,418
1403,416
1404,415
1405,407
1406,428
1407,415
1408,426
1409,423
1410,260
1411,391
1412,427
1413,425
1414,422
1415,133
1416,431
1417,428
1418,398
1419,427
1420,147
1421,422
1422,422
1423,395
1424,417
1425,203
1426,402
1427,417
1428,390
1429,412
1430,98
1431,417
1432,418
1433,426
1434,431
1435,379
1436,418
1437,428
1438,403
1439,428
1440,5
1441,408
1442,424
1443,420
1444,418
1445,225
1446,417
1447,427
1448,423
1449,427
1450,431
1451,416
1452,419
1453,423
1454,422
1455,91
1456,428
1457,428
1458,428
1459,428
1460,141
1461,428
1462,406
1463,419
1464,399
1465,334
1466,391
1467,387
1468,431
1469,429
1470,184
1471,419
1472,411
1473,419
1474,425
1475,68
1476,412
1477,428
1478,417
1479,415
1480,383
1481,429
1482,430
1483,418
1484,418
1485,191
1486,428
1487,427
1488,424
1489,412
1490,115
1491,412
1492,420
1493,408
1494,424
1495,350
1496,421
1497,418
1498,422
1499,427
1500,180
1501,427
1502,387
1503,415
1504,418
1505,307
1506,421
1507,430
1508,428
1509,416
1510,0
1511,428
1512,426
1513,407
1514,417
1515,214
1516,396
1517,423
1518,427
1519,411
1520,53
1521,407
1522,415
1523,420
1524,421
1525,391
1526,427
1527,411
1528,428
1529,431
1530,178
1531,428
1532,429
1533,427
1534,420
1535,389
1536,418
1537,415
1538,431
1539,426
1540,378
1541,428
1542,402
1543,415
1544,428
1545,382
1546,413
1547,387
1548,423
1549,412
1550,58
1551,428
1552,392
1553,431
1554,431
1555,189
1556,418
1557,420
1558,421
1559,423
1560,411
1561,426
1562,420
1563,406
1564,431
1565,175
1566,423
1567,427
1568,417
1569,430
1570,79
1571,403
1572,419
1573,416
1574,429
1575,407
1576,422
1577,425
1578,429
1579,428
1580,248
1581,415
1582,420
1583,407
1584,420
1585,150
1586,405
1587,424
1588,423
1589,430
1590,153
1591,409
1592,427
1593,421
1594,416
1595,415
1596,430
1597,412
1598,422
1599,403
1600,428
1601,425
1602,422
1603,416
1604,419
1605,160
1606,403
1607,411
1608,424
1609,431
1610,116
1611,428
1612,411
1613,426
1614,428
1615,66
1616,418
1617,416
1618,430
1619,402
1620,108
1621,421
1622,397
1623,408
1624,413
1625,416
1626,430
1627,424
1628,402
1629,426
1630,250
1631,397
1632,408
1633,420
1634,421
1635,162
1636,418
1637,383
1638,423
1639,417
1640,69
1641,399
1642,422
1643,397
1644,422
1645,67
1646,407
1647,424
1648,420
1649,407
1650,3
1651,408
1652,387
1653,424
1654,411
1655,320
1656,422
1657,430
1658,397
1659,422
1660,432
1661,423
1662,415
1663,427
1664,415
1665,398
1666,430
1667,431
1668,429
1669,411
1670,22
1671,415
1672,428
1673,431
1674,431
1675,157
1676,415
1677,412
1678,431
1679,430
1680,232
1681,422
1682,420
1683,415
1684,411
1685,39
1686,425
1687,430
1688,406
1689,416
1690,319
1691,426
1692,424
1693,416
1694,424
1695,24
1696,428
1697,429
1698,397
1699,411
1700,81
1701,417
1702,406
1703,416
1704,431
1705,84
1706,385
1707,422
1708,427
1709,428
1710,90
1711,419
1712,398
1713,419
1714,431
1715,384
1716,427
1717,427
1718,431
1719,410
1720,386
1721,414
1722,417
1723,428
1724,403
1725,36
1726,427
1727,425
1728,415
1729,415
1730,181
1731,411
1732,402
1733,424
1734,418
1735,420
1736,416
1737,415
1738,390
1739,425
1740,272
1741,424
1742,431
1743,390
1744,411
1745,265
1746,411
1747,416
1748,428
1749,415
1750,388
1751,417
1752,430
1753,431
1754,411
1755,255
1756,407
1757,410
1758,428
1759,419
1760,19
1761,417
1762,420
1763,429
1764,424
1765,7
1766,415
1767,424
1768,426
1769,432
1770,166
1771,425
1772,411
1773,426
1774,427
1775,5
1776,392
1777,419
1778,419
1779,415
1780,385
1781,410
1782,430
1783,422
1784,408
1785,149
1786,428
1787,411
1788,426
1789,429
1790,135
1791,428
1792,417
1793,428
1794,415
1795,113
1796,383
1797,421
1798,398
1799,406
1800,412
1801,412
1802,392
1803,416
1804,415
1805,347
1806,423
1807,431
1808,388
1809,411
1810,4
1811,411
1812,423
1813,420
1814,417
1815,69
1816,409
1817,420
1818,387
1819,411
1820,53
1821,403
1822,427
1823,428
1824,407
1825,99
1826,387
1827,390
1828,380
1829,428
1830,133
1831,419
1832,428
1833,415
1834,428
1835,67
1836,381
1837,414
1838,412
1839,412
1840,367
1841,426
1842,397
1843,422
1844,419
1845,11
1846,397
1847,411
1848,391
1849,427
1850,147
1851,386
1852,411
1853,421
1854,422
1855,339
1856,396
1857,428
1858,423
1859,415
1860,43
1861,428
1862,420
1863,409
1864,416
1865,403
1866,421
1867,426
1868,411
1869,426
1870,0
1871,421
1872,417
1873,415
1874,426
1875,43
1876,431
1877,421
1878,390
1879,427
1880,395
1881,426
1882,431
1883,428
1884,407
1885,41
1886,422
1887,420
1888,386
1889,407
1890,57
1891,426
1892,423
1893,427
1894,431
1895,183
1896,428
1897,421
1898,428
1899,425
1900,122
1901,429
1902,415
1903,428
1904,412
1905,6
1906,427
1907,399
1908,431
1909,380
1910,354
1911,404
1912,397
1913,410
1914,409
1915,381
1916,420
1917,423
1918,415
1919,380
1920,165
1921,426
1922,408
1923,411
1924,429
1925,427
1926,428
1927,421
1928,425
1929,383
1930,160
1931,413
1932,419
1933,420
1934,413
1935,365
1936,412
1937,375
1938,426
1939,431
1940,94
1941,417
1942,426
1943,399
1944,419
1945,233
1946,415
1947,422
1948,361
1949,424
1950,201
1951,384
1952,411
1953,415
1954,413
1955,273
1956,424
1957,416
1958,425
1959,398
1960,96
1961,417
1962,424
1963,418
1964,428
1965,7
1966,386
1967,415
1968,385
1969,428
1970,52
1971,409
1972,424
1973,384
1974,409
1975,90
1976,415
1977,423
1978,415
1979,396
1980,66
1981,427
1982,386
1983,379
1984,411
1985,58
1986,380
1987,416
1988,424
1989,356
1990,304
1991,397
1992,419
1993,423
1994,378
1995,46
1996,397
1997,422
1998,428
1999,428
2000,413
2001,419
2002,430
2003,413
2004,416
2005,19
2006,389
2007,411
2008,421
2009,370
2010,360
2011,427
2012,410
2013,420
2014,425
2015,223
2016,424
2017,411
2018,402
2019,406
2020,403
2021,401
2022,414
2023,417
2024,428
2025,129
2026,409
2027,399
2028,416
2029,412
2030,262
2031,425
2032,425
2033,420
2034,428
2035,106
2036,427
2037,406
2038,425
2039,425
2040,38
2041,385
2042,407
2043,428
2044,411
2045,186
2046,398
2047,416
2048,415
2049,420
2050,123
2051,416
2052,410
2053,427
2054,421
2055,3
2056,430
2057,424
2058,415
2059,387
2060,6
2061,413
2062,417
2063,427
2064,411
2065,203
2066,406
2067,383
2068,417
2069,421
2070,345
2071,430
2072,422
2073,426
2074,406
2075,335
2076,382
2077,415
2078,426
2079,415
2080,354
2081,416
2082,425
2083,394
2084,430
2085,415
2086,428
2087,420
2088,426
2089,410
2090,166
2091,421
2092,392
2093,406
2094,406
2095,128
2096,430
2097,425
2098,427
2099,420
2100,349
2101,425
2102,413
2103,425
2104,428
2105,92
2106,413
2107,408
2108,428
2109,359
2110,281
2111,427
2112,382
2113,385
2114,410
2115,68
2116,383
2117,387
2118,405
2119,402
2120,6
2121,385
2122,382
2123,401
2124,413
2125,90
2126,426
2127,431
2128,399
2129,431
2130,314
2131,394
2132,406
2133,397
2134,379
2135,287
2136,430
2137,426
2138,428
2139,425
2140,355
2141,428
2142,425
2143,411
2144,424
2145,58
2146,391
2147,425
2148,398
2149,415
2150,129
2151,377
2152,428
2153,407
2154,389
2155,310
2156,398
2157,423
2158,415
2159,413
2160,411
2161,411
2162,430
2163,428
2164,411
2165,326
2166,416
2167,423
2168,430
2169,430
2170,248
2171,421
2172,392
2173,411
2174,428
2175,261
2176,411
2177,426
2178,427
2179,396
2180,395
2181,406
2182,380
2183,418
2184,416
2185,166
2186,406
2187,425
2188,416
2189,412
2190,220
2191,382
2192,420
2193,380
2194,386
2195,394
2196,428
2197,431
2198,425
2199,388
2200,388
2201,428
2202,424
2203,411
2204,402
2205,328
2206,401
2207,431
2208,404
2209,431
2210,106
2211,405
2212,416
2213,431
2214,411
2215,177
2216,416
2217,400
2218,417
2219,411
2220,84
2221,417
2222,423
2223,427
2224,418
2225,244
2226,422
2227,417
2228,427
2229,428
2230,334
2231,392
2232,360
2233,382
2234,420
2235,371
2236,390
2237,391
2238,415
2239,383
2240,58
2241,400
2242,420
2243,424
2244,387
2245,298
2246,413
2247,428
2248,388
2249,401
2250,395
2251,393
2252,385
2253,374
2254,428
2255,201
2256,392
2257,427
2258,416
2259,390
2260,317
2261,420
2262,390
2263,378
2264,431
2265,32
2266,413
2267,393
2268,430
2269,428
2270,182
2271,430
2272,425
2273,425
2274,379
2275,199
2276,391
2277,431
2278,417
2279,383
2280,6
2281,430
2282,431
2283,415
2284,428
2285,362
2286,427
2287,425
2288,428
2289,412
2290,48
2291,416
2292,424
2293,412
2294,403
2295,17
2296,428
2297,428
2298,412
2299,431
2300,397
2301,406
2302,405
2303,419
2304,428
2305,42
2306,413
2307,418
2308,415
2309,423
2310,360
2311,422
2312,425
2313,359
2314,414
2315,242
2316,417
2317,381
2318,395
2319,420
2320,341
2321,420
2322,407
2323,431
2324,420
2325,255
2326,431
2327,420
2328,403
2329,374
2330,127
2331,411
2332,431
2333,425
2334,430
2335,397
2336,391
2337,406
2338,429
2339,414
2340,361
2341,398
2342,403
2343,414
2344,415
2345,255
2346,425
2347,380
2348,407
2349,393
2350,233
2351,410
2352,400
2353,400
2354,392
2355,106
2356,430
2357,406
2358,414
2359,428
2360,218
2361,413
2362,421
2363,405
2364,393
2365,428
2366,419
2367,426
2368,428
2369,416
2370,145
2371,395
2372,382
2373,425
2374,411
2375,119
2376,431
2377,428
2378,427
2379,386
2380,375
2381,423
2382,425
2383,428
2384,379
2385,341
2386,382
2387,428
2388,400
2389,417
2390,408
2391,416
2392,394
2393,421
2394,403
2395,69
2396,410
2397,417
2398,363
2399,389
2400,420
2401,424
2402,430
2403,430
2404,391
2405,139
2406,418
2407,420
2408,418
2409,428
2410,5
2411,430
2412,416
2413,428
2414,388
2415,404
2416,388
2417,417
2418,384
2419,423
2420,126
2421,415
2422,425
2423,388
2424,403
2425,391
2426,428
2427,411
2428,416
2429,413
2430,239
2431,427
2432,390
2433,421
2434,352
2435,183
2436,417
2437,422
2438,412
2439,392
2440,77
2441,427
2442,383
2443,410
2444,417
2445,69
2446,394
2447,415
2448,393
2449,427
2450,63
2451,431
2452,391
2453,416
2454,428
2455,162
2456,417
2457,427
2458,405
2459,401
2460,129
2461,417
2462,420
2463,429
2464,419
2465,68
2466,421
2467,428
2468,383
2469,413
2470,78
2471,391
2472,431
2473,404
2474,429
2475,12
2476,430
2477,420
2478,428
2479,415
2480,268
2481,397
2482,428
2483,428
2484,431
2485,7
2486,384
2487,424
2488,416
2489,417
2490,136
2491,415
2492,407
2493,394
2494,383
2495,161
2496,420
2497,358
2498,414
2499,431
2500,263
2501,399
2502,420
2503,423
2504,396
2505,161
2506,403
2507,417
2508,427
2509,419
2510,165
2511,399
2512,426
2513,431
2514,396
2515,331
2516,417
2517,415
2518,428
2519,431
2520,198
2521,426
2522,410
2523,400
2524,416
2525,5
2526,383
2527,428
2528,427
2529,397
2530,285
2531,382
2532,413
2533,427
2534,424
2535,206
2536,406
2537,428
2538,395
2539,416
2540,141
2541,413
2542,415
2543,390
2544,363
2545,67
2546,425
2547,387
2548,395
2549,388
2550,5
2551,359
2552,390
2553,383
2554,406
2555,174
2556,383
2557,383
2558,405
2559,421
2560,299
2561,384
2562,406
2563,417
2564,417
2565,31
2566,428
2567,423
2568,383
2569,417
2570,20
2571,428
2572,420
2573,430
2574,388
2575,44
2576,421
2577,400
2578,416
2579,369
2580,278
2581,411
2582,383
2583,420
2584,417
2585,48
2586,418
2587,414
2588,413
2589,420
2590,4
2591,384
2592,400
2593,430
2594,404
2595,360
2596,392
2597,412
2598,428
2599,416
2600,417
2601,411
2602,382
2603,383
2604,396
2605,166
2606,428
2607,401
2608,399
2609,419
2610,63
2611,387
2612,397
2613,429
2614,413
2615,46
2616,430
2617,358
2618,373
2619,397
2620,166
2621,428
2622,426
2623,420
2624,417
2625,21
2626,388
2627,382
2628,423
2629,406
2630,163
2631,403
2632,414
2633,416
2634,416
2635,198
2636,424
2637,411
2638,431
2639,383
2640,115
2641,389
2642,389
2643,428
2644,429
2645,186
2646,428
2647,361
2648,411
2649,414
2650,272
2651,408
2652,423
2653,411
2654,357
2655,206
2656,404
2657,428
2658,413
2659,378
2660,331
2661,429
2662,413
2663,420
2664,392
2665,413
2666,376
2667,392
2668,387
2669,407
2670,6
2671,430
2672,356
2673,422
2674,426
2675,183
2676,416
2677,424
2678,411
2679,411
2680,338
2681,378
2682,391
2683,385
2684,393
2685,165
2686,422
2687,405
2688,401
2689,429
2690,5
2691,407
2692,400
2693,404
2694,428
2695,239
2696,395
2697,390
2698,430
2699,391
2700,67
2701,417
2702,400
2703,362
2704,385
2705,152
2706,428
2707,420
2708,406
2709,417
2710,255
2711,412
2712,426
2713,391
2714,420
2715,170
2716,420
2717,427
2718,392
2719,428
2720,80
2721,420
2722,420
2723,409
2724,428
2725,38
2726,412
2727,427
2728,416
2729,414
2730,101
2731,426
2732,430
2733,417
2734,384
2735,293
2736,423
2737,423
2738,420
2739,416
2740,103
2741,382
2742,428
2743,401
2744,384
2745,220
2746,411
2747,393
2748,429
2749,389
2750,12
2751,400
2752,430
2753,425
2754,403
2755,336
2756,431
2757,403
2758,420
2759,430
2760,86
2761,415
2762,412
2763,407
2764,386
2765,121
2766,384
2767,412
2768,431
2769,426
2770,72
2771,385
2772,420
2773,412
2774,399
2775,342
2776,420
2777,416
2778,418
2779,386
2780,160
2781,416
2782,427
2783,411
2784,427
2785,6
2786,362
2787,410
2788,425
2789,386
2790,160
2791,413
2792,393
2793,430
2794,402
2795,134
2796,357
2797,428
2798,418
2799,396
2800,428
2801,391
2802,382
2803,419
2804,407
2805,119
2806,396
2807,421
2808,401
2809,367
2810,411
2811,394
2812,428
2813,428
2814,425
2815,301
2816,405
2817,420
2818,359
2819,404
2820,31
2821,394
2822,387
2823,415
2824,429
2825,135
2826,427
2827,383
2828,420
2829,423
2830,203
2831,415
2832,390
2833,392
2834,411
2835,62
2836,416
2837,407
2838,393
2839,406
2840,157
2841,408
2842,397
2843,416
2844,414
2845,139
2846,421
2847,369
2848,373
2849,398
2850,150
2851,425
2852,403
2853,428
2854,383
2855,10
2856,426
2857,411
2858,390
2859,423
2860,139
2861,415
2862,394
2863,359
2864,420
2865,156
2866,365
2867,420
2868,358
2869,416
2870,267
2871,411
2872,407
2873,421
2874,430
2875,58
2876,416
2877,371
2878,404
2879,430
2880,63
2881,422
2882,415
2883,384
2884,396
2885,205
2886,397
2887,358
2888,411
2889,430
2890,61
2891,421
2892,415
2893,411
2894,397
2895,74
2896,423
2897,427
2898,397
2899,384
2900,170
2901,424
2902,402
2903,386
2904,425
2905,237
2906,412
2907,427
2908,412
2909,412
2910,231
2911,373
2912,417
2913,428
2914,408
2915,162
2916,428
2917,427
2918,428
2919,425
2920,157
2921,427
2922,398
2923,428
2924,418
2925,261
2926,372
2927,426
2928,424
2929,411
2930,327
2931,411
2932,421
2933,427
2934,359
2935,266
2936,424
2937,418
2938,412
2939,359
2940,364
2941,421
2942,425
2943,409
2944,409
2945,341
2946,410
2947,391
2948,411
2949,420
2950,345
2951,411
2952,429
2953,427
2954,390
2955,19
2956,411
2957,390
2958,385
2959,415
2960,345
2961,393
2962,361
2963,354
2964,379
2965,404
2966,415
2967,411
2968,418
2969,405
2970,74
2971,413
2972,429
2973,421
2974,416
2975,288
2976,390
2977,426
2978,393
2979,401
2980,267
2981,416
2982,416
2983,430
2984,421
2985,226
2986,384
2987,382
2988,400
2989,428
2990,86
2991,420
2992,415
2993,429
2994,428
2995,362
2996,413
2997,416
2998,405
2999,423
3000,426
3001,411
3002,415
3003,430
3004,383
3005,287
3006,396
3007,416
3008,411
3009,412
3010,273
3011,363
3012,426
3013,412
3014,422
3015,362
3016,405
3017,420
3018,411
3019,411
3020,356
3021,383
3022,415
3023,418
3024,422
3025,371
3026,411
3027,397
3028,415
3029,427
3030,282
3031,413
3032,391
3033,429
3034,412
3035,58
3036,415
3037,424
3038,403
3039,418
3040,390
3041,424
3042,358
3043,427
3044,412
3045,358
3046,416
3047,416
3048,425
3049,409
3050,7
3051,392
3052,382
3053,415
3054,430
3055,185
3056,411
3057,430
3058,426
3059,372
3060,118
3061,425
3062,420
3063,400
3064,387
3065,426
3066,385
3067,383
3068,417
3069,420
3070,337
3071,387
3072,383
3073,381
3074,423
3075,84
3076,417
3077,415
3078,411
3079,400
3080,409
3081,397
3082,416
3083,427
3084,382
3085,388
3086,395
3087,411
3088,411
3089,416
3090,340
3091,423
3092,415
3093,410
3094,427
3095,243
3096,411
3097,385
3098,412
3099,402
3100,121
3101,420
3102,424
3103,383
3104,363
3105,8
3106,383
3107,396
3108,430
3109,411
3110,193
3111,415
3112,411
3113,425
3114,416
3115,4
3116,373
3117,411
3118,396
3119,428
3120,157
3121,419
3122,375
3123,383
3124,416
3125,360
3126,410
3127,421
3128,391
3129,423
3130,66
3131,390
3132,420
3133,428
3134,416
3135,107
3136,418
3137,392
3138,382
3139,400
3140,8
3141,411
3142,411
3143,410
3144,393
3145,194
3146,378
3147,383
3148,398
3149,427
3150,146
3151,388
3152,411
3153,382
3154,405
3155,345
3156,427
3157,405
3158,403
3159,414
3160,365
3161,425
3162,424
3163,382
3164,420
3165,327
3166,418
3167,428
3168,359
3169,391
3170,4
3171,421
3172,409
3173,417
3174,415
3175,212
3176,392
3177,416
3178,383
3179,428
3180,19
3181,430
3182,399
3183,411
3184,419
3185,310
3186,383
3187,413
3188,411
3189,415
3190,243
3191,413
3192,396
3193,416
3194,393
3195,65
3196,408
3197,425
3198,411
3199,381
3200,382
3201,362
3202,411
3203,411
3204,422
3205,157
3206,386
3207,412
3208,421
3209,376
3210,6
3211,429
3212,413
3213,357
3214,428
3215,313
3216,424
3217,424
3218,357
3219,430
3220,11
3221,407
3222,390
3223,415
3224,415
3225,204
3226,384
3227,411
3228,388
3229,426
3230,282
3231,406
3232,401
3233,411
3234,413
3235,205
3236,414
3237,360
3238,392
3239,384
3240,302
3241,426
3242,383
3243,416
3244,415
3245,166
3246,424
3247,411
3248,359
3249,411
3250,413
3251,408
3252,361
3253,428
3254,427
3255,387
3256,424
3257,385
3258,417
3259,416
3260,358
3261,420
3262,386
3263,431
3264,382
3265,63
3266,354
3267,409
3268,417
3269,428
3270,384
3271,382
3272,391
3273,426
3274,394
3275,307
3276,411
3277,423
3278,400
3279,383
3280,65
3281,413
3282,411
3283,415
3284,405
3285,309
3286,403
3287,412
3288,399
3289,413
3290,49
3291,403
3292,382
3293,388
3294,390
3295,251
3296,384
3297,390
3298,378
3299,419
3300,214
3301,407
3302,417
3303,424
3304,383
3305,159
3306,383
3307,383
3308,417
3309,419
3310,217
3311,412
3312,400
3313,417
3314,390
3315,353
3316,354
3317,420
3318,397
3319,428
3320,122
3321,409
3322,420
3323,425
3324,377
3325,10
3326,393
3327,427
3328,414
3329,358
3330,113
3331,392
3332,415
3333,385
3334,389
3335,44
3336,372
3337,409
3338,415
3339,424
3340,58
3341,415
3342,414
3343,405
3344,417
3345,128
3346,375
3347,406
3348,383
3349,391
3350,70
3351,424
3352,379
3353,384
3354,366
3355,0
3356,425
3357,411
3358,411
3359,412
3360,126
3361,388
3362,421
3363,371
3364,403
3365,155
3366,416
3367,390
3368,410
3369,428
3370,38
3371,430
3372,382
3373,363
3374,401
3375,419
3376,411
3377,408
3378,383
3379,402
3380,383
3381,409
3382,399
3383,383
3384,415
3385,143
3386,428
3387,384
3388,411
3389,386
3390,166
3391,423
3392,356
3393,394
3394,413
3395,279
3396,415
3397,415
3398,431
3399,412
3400,416
3401,415
3402,402
3403,420
3404,425
3405,85
3406,383
3407,413
3408,376
3409,417
3410,85
3411,405
3412,407
3413,387
3414,367
3415,346
3416,420
3417,413
3418,387
3419,426
3420,275
3421,415
3422,416
3423,409
3424,342
3425,388
3426,409
3427,393
3428,418
3429,397
3430,146
3431,407
3432,364
3433,387
3434,361
3435,300
3436,409
3437,417
3438,398
3439,399
3440,252
3441,411
3442,393
3443,374
3444,357
3445,277
3446,418
3447,411
3448,391
3449,363
3450,86
3451,398
3452,417
3453,386
3454,397
3455,387
3456,425
3457,382
3458,416
3459,428
3460,2
3461,363
3462,422
3463,411
3464,372
3465,64
3466,410
3467,416
3468,409
3469,420
3470,8
3471,378
3472,399
3473,406
3474,392
3475,153
3476,430
3477,393
3478,385
3479,382
3480,381
3481,428
3482,407
3483,428
3484,409
3485,5
3486,417
3487,431
3488,404
3489,400
3490,166
3491,420
3492,415
3493,388
3494,431
3495,174
3496,382
3497,410
3498,364
3499,392
3500,339
3501,398
3502,391
3503,425
3504,412
3505,181
3506,412
3507,415
3508,407
3509,418
3510,4
3511,423
3512,406
3513,412
3514,427
3515,167
3516,370
3517,400
3518,413
3519,428
3520,190
3521,417
3522,412
3523,419
3524,406
3525,365
3526,418
3527,361
3528,359
3529,427
3530,139
3531,430
3532,430
3533,411
3534,402
3535,243
3536,381
3537,417
3538,414
3539,420
3540,0
3541,400
3542,404
3543,422
3544,382
3545,12
3546,383
3547,383
3548,409
3549,416
3550,252
3551,420
3552,383
3553,411
3554,415
3555,39
3556,396
3557,405
3558,411
3559,390
3560,397
3561,412
3562,427
3563,411
3564,398
3565,166
3566,424
3567,383
3568,401
3569,418
3570,402
3571,407
3572,428
3573,416
3574,403
3575,6
3576,390
3577,428
3578,387
3579,412
3580,7
3581,411
3582,383
3583,418
3584,417
3585,12
3586,422
3587,417
3588,385
3589,399
3590,0
3591,401
3592,422
3593,430
3594,412
3595,176
3596,385
3597,390
3598,419
3599,427
3600,385
3601,404
3602,420
3603,423
3604,409
3605,34
3606,383
3607,427
3608,400
3609,408
3610,336
3611,392
3612,413
3613,421
3614,403
3615,195
3616,390
3617,385
3618,388
3619,384
3620,5
3621,417
3622,407
3623,399
3624,402
3625,173
3626,362
3627,415
3628,391
3629,404
3630,96
3631,404
3632,402
3633,363
3634,409
3635,5
3636,417
3637,390
3638,412
3639,400
3640,345
3641,384
3642,399
3643,393
3644,408
3645,230
3646,354
3647,383
3648,382
3649,406
3650,20
3651,360
3652,412
3653,390
3654,387
3655,7
3656,368
3657,384
3658,384
3659,420
3660,216
3661,414
3662,384
3663,420
3664,384
3665,143
3666,393
3667,387
3668,389
3669,387
3670,225
3671,388
3672,383
3673,393
3674,417
3675,282
3676,411
3677,393
3678,416
3679,397
3680,145
3681,404
3682,388
3683,426
3684,412
3685,4
3686,430
3687,420
3688,428
3689,411
3690,199
3691,417
3692,382
3693,397
3694,392
3695,113
3696,375
3697,419
3698,401
3699,387
3700,4
3701,384
3702,402
3703,407
3704,418
3705,106
3706,403
3707,402
3708,385
3709,383
3710,248
3711,407
3712,416
3713,370
3714,399
3715,5
3716,385
3717,403
3718,417
3719,413
3720,300
3721,385
3722,404
3723,411
3724,416
3725,83
3726,390
3727,392
3728,383
3729,402
3730,427
3731,406
3732,381
3733,400
3734,423
3735,39
3736,388
3737,385
3738,384
3739,408
3740,0
3741,416
3742,420
3743,392
3744,411
3745,157
3746,406
3747,428
3748,407
3749,398
3750,176
3751,395
3752,397
3753,387
3754,384
3755,104
3756,416
3757,388
3758,411
3759,430
3760,428
3761,411
3762,416
3763,384
3764,381
3765,53
3766,413
3767,420
3768,366
3769,423
3770,88
3771,413
3772,394
3773,420
3774,412
3775,18
3776,420
3777,401
3778,413
3779,398
3780,142
3781,420
3782,385
3783,406
3784,416
3785,25
3786,410
3787,415
3788,425
3789,407
3790,103
3791,393
3792,423
3793,372
3794,400
3795,218
3796,424
3797,383
3798,417
3799,387
3800,428
3801,423
3802,413
3803,402
3804,398
3805,186
3806,418
3807,420
3808,407
3809,390
3810,182
3811,387
3812,416
3813,405
3814,415
3815,3
3816,394
3817,417
3818,397
3819,383
3820,27
3821,397
3822,392
3823,408
3824,415
3825,299
3826,419
3827,380
3828,405
3829,402
3830,100
3831,408
3832,421
3833,427
3834,419
3835,28
3836,405
3837,415
3838,387
3839,381
3840,210
3841,428
3842,418
3843,429
3844,407
3845,9
3846,413
3847,388
3848,376
3849,416
3850,6
3851,407
3852,384
3853,391
3854,384
3855,100
3856,413
3857,413
3858,419
3859,409
3860,6
3861,423
3862,371
3863,410
3864,415
3865,9
3866,388
3867,390
3868,411
3869,427
3870,69
3871,417
3872,390
3873,423
3874,390
3875,75
3876,390
3877,387
3878,423
3879,408
3880,2
3881,423
3882,392
3883,384
3884,385
3885,261
3886,390
3887,429
3888,406
3889,416
3890,75
3891,378
3892,415
3893,397
3894,422
3895,184
3896,420
3897,400
3898,420
3899,427
3900,368
3901,391
3902,390
3903,398
3904,415
3905,311
3906,385
3907,416
3908,406
3909,392
3910,118
3911,416
3912,406
3913,417
3914,427
3915,214
3916,386
3917,425
3918,431
3919,388
3920,144
3921,381
3922,413
3923,417
3924,398
3925,90
3926,378
3927,389
3928,384
3929,410
3930,411
3931,390
3932,387
3933,411
3934,397
3935,95
3936,425
3937,391
3938,397
3939,404
3940,204
3941,391
3942,388
3943,422
3944,419
3945,357
3946,420
3947,417
3948,413
3949,418
3950,43
3951,412
3952,414
3953,425
3954,373
3955,113
3956,414
3957,383
3958,384
3959,395
3960,6
3961,420
3962,420
3963,412
3964,415
3965,276
3966,390
3967,398
3968,422
3969,408
3970,3
3971,417
3972,403
3973,403
3974,428
3975,385
3976,423
3977,382
3978,384
3979,420
3980,159
3981,385
3982,417
3983,397
3984,389
3985,304
3986,392
3987,383
3988,387
3989,397
3990,387
3991,398
3992,411
3993,422
3994,411
3995,138
3996,411
3997,386
3998,397
3999,412
4000,385
4001,384
4002,420
4003,408
4004,417
4005,138
4006,409
4007,388
4008,416
4009,427
4010,269
4011,391
4012,420
4013,430
4014,404
4015,252
4016,387
4017,408
4018,404
4019,397
4020,146
4021,420
4022,427
4023,376
4024,427
4025,0
4026,385
4027,387
4028,391
4029,415
4030,125
4031,416
4032,416
4033,406
4034,420
4035,21
4036,399
4037,416
4038,382
4039,412
4040,27
4041,403
4042,393
4043,414
4044,397
4045,73
4046,388
4047,399
4048,399
4049,422
4050,372
4051,428
4052,411
4053,385
4054,372
4055,142
4056,398
4057,417
4058,415
4059,420
4060,364
4061,414
4062,384
4063,400
4064,417
4065,165
4066,412
4067,430
4068,416
4069,400
4070,9
4071,382
4072,388
4073,384
4074,417
4075,363
4076,416
4077,424
4078,385
4079,413
4080,4
4081,384
4082,412
4083,413
4084,424
4085,201
4086,391
4087,383
4088,415
4089,387
4090,187
4091,417
4092,393
4093,397
4094,398
4095,182
4096,398
4097,370
4098,385
4099,384
4100,83
4101,430
4102,428
4103,402
4104,390
4105,365
4106,381
4107,392
4108,393
4109,392
4110,260
4111,420
4112,406
4113,414
4114,417
4115,14
4116,394
4117,383
4118,427
4119,412
4120,4
4121,413
4122,402
4123,408
4124,397
4125,88
4126,407
4127,410
4128,385
4129,413
4130,321
4131,416
4132,384
4133,387
4134,417
4135,319
4136,375
4137,388
4138,417
4139,420
4140,60
4141,367
4142,404
4143,416
4144,391
4145,183
4146,392
4147,411
4148,392
4149,411
4150,260
4151,411
4152,387
4153,422
4154,399
4155,252
4156,415
4157,397
4158,385
4159,397
4160,5
4161,385
4162,385
4163,419
4164,384
4165,10
4166,387
4167,413
4168,383
4169,382
4170,295
4171,413
4172,382
4173,415
4174,413
4175,88
4176,413
4177,374
4178,407
4179,408
4180,6
4181,387
4182,409
4183,392
4184,415
4185,385
4186,408
4187,377
4188,416
4189,384
4190,272
4191,411
4192,390
4193,420
4194,398
4195,382
4196,397
4197,390
4198,412
4199,412
4200,400
4201,385
4202,390
4203,385
4204,384
4205,183
4206,416
4207,382
4208,428
4209,412
4210,192
4211,413
4212,420
4213,401
4214,406
4215,159
4216,419
4217,392
4218,381
4219,385
4220,205
4221,393
4222,423
4223,382
4224,387
4225,371
4226,390
4227,387
4228,425
4229,398
4230,5
4231,385
4232,390
4233,414
4234,400
4235,225
4236,398
4237,416
4238,430
4239,398
4240,112
4241,390
4242,425
4243,385
4244,385
4245,9
4246,423
4247,417
4248,401
4249,387
4250,397
4251,384
4252,408
4253,409
4254,428
4255,168
4256,383
4257,383
4258,411
4259,384
4260,384
4261,414
4262,415
4263,384
4264,411
4265,360
4266,383
4267,417
4268,408
4269,417
4270,13
4271,384
4272,397
4273,397
4274,390
4275,45
4276,385
4277,375
4278,385
4279,417
4280,193
4281,425
4282,384
4283,407
4284,420
4285,223
4286,414
4287,418
4288,424
4289,377
4290,224
4291,420
4292,396
4293,383
4294,415
4295,383
4296,385
4297,412
4298,395
4299,401
4300,150
4301,385
4302,408
4303,422
4304,385
4305,82
4306,390
4307,398
4308,385
4309,382
4310,251
4311,411
4312,417
4313,416
4314,428
4315,122
4316,399
4317,385
4318,425
4319,384
4320,2
4321,406
4322,431
4323,396
4324,420
4325,0
4326,400
4327,415
4328,425
4329,406
4330,265
4331,385
4332,417
4333,407
4334,384
4335,372
4336,384
4337,390
4338,393
4339,397
4340,6
4341,385
4342,407
4343,383
4344,408
4345,196
4346,382
4347,387
4348,420
4349,399
4350,160
4351,373
4352,383
4353,397
4354,417
4355,387
4356,385
4357,393
4358,381
4359,412
4360,92
4361,374
4362,373
4363,420
4364,388
4365,57
4366,383
4367,398
4368,384
4369,408
4370,383
4371,426
4372,390
4373,414
4374,428
4375,130
4376,385
4377,385
4378,413
4379,385
4380,356
4381,383
4382,408
4383,407
4384,384
4385,74
4386,415
4387,401
4388,415
4389,397
4390,255
4391,384
4392,409
4393,387
4394,405
4395,118
4396,397
4397,415
4398,418
4399,397
4400,385
4401,382
4402,415
4403,385
4404,398
4405,186
4406,385
4407,424
4408,383
4409,410
4410,181
4411,408
4412,410
4413,385
4414,420
4415,6
4416,413
4417,384
4418,385
4419,399
4420,248
4421,409
4422,390
4423,414
4424,398
4425,106
4426,396
4427,420
4428,412
4429,385
4430,213
4431,388
4432,418
4433,397
4434,406
4435,107
4436,383
4437,400
4438,403
4439,416
4440,58
4441,409
4442,418
4443,417
4444,390
4445,213
4446,422
4447,422
4448,402
4449,415
4450,33
4451,385
4452,382
4453,417
4454,385
4455,109
4456,420
4457,415
4458,417
4459,420
4460,57
4461,423
4462,382
4463,402
4464,416
4465,182
4466,397
4467,414
4468,415
4469,427
4470,93
4471,393
4472,417
4473,417
4474,405
4475,216
4476,394
4477,387
4478,411
4479,394
4480,119
4481,411
4482,415
4483,427
4484,397
4485,195
4486,382
4487,391
4488,428
4489,420
4490,9
4491,390
4492,385
4493,414
4494,403
4495,222
4496,407
4497,384
4498,384
4499,398
4500,5
4501,397
4502,413
4503,407
4504,425
4505,353
4506,405
4507,420
4508,381
4509,422
4510,387
4511,383
4512,382
4513,406
4514,383
4515,4
4516,415
4517,417
4518,387
4519,415
4520,88
4521,390
4522,425
4523,387
4524,417
4525,140
4526,419
4527,387
4528,383
4529,407
4530,298
4531,394
4532,408
4533,412
4534,398
4535,215
4536,376
4537,414
4538,398
4539,385
4540,375
4541,385
4542,412
4543,415
4544,383
4545,222
4546,427
4547,417
4548,383
4549,408
4550,43
4551,411
4552,387
4553,391
4554,384
4555,67
4556,374
4557,414
4558,400
4559,407
4560,368
4561,420
4562,385
4563,387
4564,415
4565,110
4566,416
4567,385
4568,389
4569,412
4570,144
4571,385
4572,404
4573,411
4574,416
4575,6
4576,385
4577,385
4578,390
4579,387
4580,10
4581,387
4582,394
4583,387
4584,384
4585,192
4586,412
4587,391
4588,387
4589,387
4590,221
4591,392
4592,397
4593,374
4594,375
4595,159
4596,383
4597,389
4598,384
4599,391
4600,401
4601,382
4602,421
4603,383
4604,390
4605,335
4606,383
4607,390
4608,417
4609,415
4610,316
4611,384
4612,384
4613,385
4614,420
4615,10
4616,397
4617,404
4618,415
4619,408
4620,185
4621,384
4622,392
4623,397
4624,418
4625,108
4626,385
4627,406
4628,387
4629,420
4630,187
4631,385
4632,408
4633,383
4634,427
4635,375
4636,421
4637,428
4638,383
4639,387
4640,390
4641,394
4642,401
4643,413
4644,385
4645,7
4646,420
4647,397
4648,420
4649,406
4650,192
4651,390
4652,385
4653,385
4654,398
4655,70
4656,406
4657,416
4658,390
4659,409
4660,244
4661,420
4662,387
4663,393
4664,390
4665,11
4666,383
4667,384
4668,420
4669,401
4670,360
4671,392
4672,402
4673,409
4674,397
4675,3
4676,392
4677,387
4678,385
4679,409
4680,34
4681,411
4682,384
4683,411
4684,407
4685,366
4686,421
4687,391
4688,385
4689,418
4690,79
4691,412
4692,411
4693,417
4694,420
4695,104
4696,392
4697,406
4698,383
4699,398
4700,182
4701,387
4702,384
4703,385
4704,424
4705,390
4706,406
4707,384
4708,419
4709,372
4710,89
4711,409
4712,420
4713,382
4714,390
4715,304
4716,400
4717,390
4718,381
4719,390
4720,403
4721,412
4722,385
4723,415
4724,385
4725,342
4726,407
4727,402
4728,384
4729,386
4730,140
4731,374
4732,417
4733,404
4734,376
4735,72
4736,407
4737,417
4738,402
4739,407
4740,292
4741,429
4742,427
4743,406
4744,397
4745,197
4746,385
4747,416
4748,385
4749,427
4750,129
4751,383
4752,398
4753,408
4754,414
4755,103
4756,392
4757,428
4758,384
4759,387
4760,141
4761,390
4762,394
4763,429
4764,411
4765,387
4766,387
4767,421
4768,402
4769,420
4770,365
4771,387
4772,408
4773,423
4774,399
4775,297
4776,384
4777,429
4778,385
4779,385
4780,201
4781,419
4782,429
4783,384
4784,385
4785,339
4786,424
4787,385
4788,387
4789,400
4790,313
4791,409
4792,420
4793,383
4794,385
4795,382
4796,419
4797,399
4798,423
4799,390
4800,384
4801,398
4802,385
4803,388
4804,428
4805,5
4806,373
4807,414
4808,406
4809,415
4810,221
4811,414
4812,399
4813,385
4814,390
4815,6
4816,384
4817,385
4818,387
4819,411
4820,228
4821,385
4822,417
4823,383
4824,409
4825,330
4826,383
4827,418
4828,400
4829,385
4830,281
4831,384
4832,398
4833,387
4834,384
4835,63
4836,385
4837,404
4838,385
4839,425
4840,186
4841,395
4842,384
4843,390
4844,387
4845,134
4846,383
4847,397
4848,375
4849,401
4850,7
4851,384
4852,390
4853,362
4854,419
4855,302
4856,385
4857,405
4858,384
4859,384
4860,268
4861,410
4862,387
4863,387
4864,385
4865,269
4866,410
4867,387
4868,409
4869,385
4870,365
4871,396
4872,397
4873,415
4874,395
4875,64
4876,416
4877,390
4878,385
4879,408
4880,183
4881,426
4882,382
4883,383
4884,382
4885,134
4886,427
4887,394
4888,377
4889,401
4890,60
4891,391
4892,396
4893,387
4894,404
4895,138
4896,383
4897,398
4898,374
4899,397
4900,138
4901,385
4902,384
4903,392
4904,377
4905,383
4906,385
4907,397
4908,397
4909,415
4910,300
4911,390
4912,390
4913,418
4914,418
4915,5
4916,383
4917,397
4918,385
4919,390
4920,383
4921,392
4922,420
4923,400
4924,385
4925,48
4926,385
4927,383
4928,387
4929,361
4930,3
4931,385
4932,390
4933,385
4934,387
4935,117
4936,390
4937,419
4938,410
4939,384
4940,292
4941,404
4942,383
4943,374
4944,416
4945,385
4946,412
4947,391
4948,407
4949,400
4950,5
4951,385
4952,402
4953,384
4954,390
4955,136
4956,427
4957,419
4958,384
4959,384
4960,408
4961,399
4962,372
4963,399
4964,393
4965,161
4966,407
4967,383
4968,383
4969,384
4970,384
4971,383
4972,384
4973,417
4974,409
4975,9
4976,406
4977,413
4978,413
4979,397
4980,59
4981,402
4982,411
4983,420
4984,384
4985,377
4986,388
4987,380
4988,382
4989,396
4990,183
4991,393
4992,420
4993,384
4994,378
4995,194
4996,385
4997,385
4998,383
4999,385
5000,402
5001,384
5002,384
5003,409
5004,427
5005,149
5006,385
5007,384
5008,427
5009,390
5010,243
5011,384
5012,419
5013,384
5014,411
5015,384
5016,428
5017,391
5018,424
5019,415
5020,205
5021,392
5022,407
5023,422
5024,408
5025,333
5026,405
5027,362
5028,383
5029,390
5030,216
5031,379
5032,378
5033,382
5034,428
5035,115
5036,390
5037,378
5038,382
5039,387
5040,377
5041,385
5042,428
5043,428
5044,392
5045,57
5046,415
5047,393
5048,408
5049,390
5050,105
5051,390
5052,398
5053,377
5054,387
5055,32
5056,428
5057,428
5058,403
5059,377
5060,33
5061,391
5062,415
5063,395
5064,408
5065,115
5066,386
5067,384
5068,428
5069,393
5070,8
5071,387
5072,380
5073,405
5074,387
5075,133
5076,418
5077,407
5078,375
5079,378
5080,312
5081,424
5082,408
5083,359
5084,404
5085,14
5086,381
5087,384
5088,385
5089,381
5090,141
5091,427
5092,428
5093,347
5094,385
5095,184
5096,378
5097,371
5098,375
5099,390
5100,32
5101,395
5102,384
5103,377
5104,392
5105,0
5106,360
5107,423
5108,429
5109,429
5110,422
5111,387
5112,385
5113,398
5114,390
5115,392
5116,426
5117,413
5118,382
5119,393
5120,7
5121,376
5122,405
5123,412
5124,423
5125,303
5126,375
5127,382
5128,399
5129,390
5130,28
5131,388
5132,387
5133,387
5134,398
5135,148
5136,421
5137,409
5138,427
5139,377
5140,300
5141,385
5142,407
5143,428
5144,382
5145,217
5146,420
5147,407
5148,393
5149,428
5150,98
5151,383
5152,422
5153,423
5154,382
5155,194
5156,390
5157,428
5158,390
5159,390
5160,219
5161,387
5162,428
5163,429
5164,428
5165,356
5166,382
5167,423
5168,383
5169,388
5170,87
5171,423
5172,393
5173,385
5174,407
5175,415
5176,405
5177,419
5178,387
5179,428
5180,88
5181,398
5182,385
5183,393
5184,384
5185,6
5186,428
5187,421
5188,387
5189,427
5190,74
5191,387
5192,394
5193,417
5194,385
5195,390
5196,428
5197,419
5198,426
5199,370
5200,428
5201,428
5202,399
5203,407
5204,415
5205,60
5206,427
5207,384
5208,427
5209,428
5210,34
5211,353
5212,356
5213,425
5214,397
5215,186
5216,402
5217,385
5218,426
5219,381
5220,356
5221,391
5222,416
5223,422
5224,374
5225,217
5226,420
5227,383
5228,423
5229,373
5230,9
5231,412
5232,384
5233,375
5234,387
5235,105
5236,428
5237,390
5238,384
5239,372
5240,230
5241,425
5242,431
5243,428
5244,393
5245,140
5246,385
5247,420
5248,372
5249,428
5250,4
5251,397
5252,417
5253,393
5254,429
5255,129
5256,383
5257,393
5258,390
5259,405
5260,8
5261,397
5262,390
5263,421
5264,409
5265,119
5266,400
5267,431
5268,410
5269,397
5270,111
5271,384
5272,386
5273,383
5274,387
5275,314
5276,414
5277,409
5278,417
5279,418
5280,64
5281,392
5282,420
5283,403
5284,388
5285,381
5286,381
5287,425
5288,428
5289,393
5290,185
5291,429
5292,385
5293,387
5294,414
5295,244
5296,429
5297,402
5298,397
5299,430
5300,184
5301,384
5302,397
5303,383
5304,394
5305,2
5306,426
5307,419
5308,421
5309,384
5310,397
5311,427
5312,415
5313,397
5314,405
5315,15
5316,388
5317,428
5318,362
5319,377
5320,36
5321,420
5322,425
5323,377
5324,375
5325,271
5326,403
5327,415
5328,428
5329,415
5330,280
5331,395
5332,419
5333,427
5334,383
5335,365
5336,401
5337,428
5338,403
5339,428
5340,0
5341,390
5342,397
5343,412
5344,401
5345,196
5346,383
5347,374
5348,398
5349,363
5350,217
5351,384
5352,427
5353,390
5354,372
5355,229
5356,428
5357,419
5358,385
5359,361
5360,159
5361,351
5362,397
5363,397
5364,383
5365,146
5366,391
5367,417
5368,423
5369,426
5370,401
5371,427
5372,425
5373,370
5374,403
5375,213
5376,392
5377,384
5378,393
5379,376
5380,228
5381,428
5382,383
5383,424
5384,417
5385,157
5386,387
5387,382
5388,385
5389,428
5390,136
5391,426
5392,381
5393,400
5394,414
5395,4
5396,428
5397,398
5398,392
5399,393
5400,405
5401,423
5402,377
5403,411
5404,411
5405,85
5406,397
5407,395
5408,428
5409,428
5410,0
5411,375
5412,387
5413,428
5414,383
5415,5
5416,393
5417,390
5418,420
5419,407
5420,67
5421,429
5422,430
5423,422
5424,421
5425,163
5426,425
5427,354
5428,383
5429,408
5430,302
5431,386
5432,383
5433,403
5434,425
5435,224
5436,428
5437,431
5438,422
5439,431
5440,0
5441,382
5442,428
5443,409
5444,362
5445,243
5446,428
5447,421
5448,361
5449,399
5450,265
5451,428
5452,408
5453,384
5454,390
5455,138
5456,412
5457,395
5458,402
5459,391
5460,80
5461,419
5462,420
5463,372
5464,426
5465,151
5466,382
5467,390
5468,381
5469,429
5470,300
5471,411
5472,414
5473,384
5474,384
5475,384
5476,383
5477,427
5478,387
5479,427
5480,125
5481,415
5482,425
5483,382
5484,394
5485,38
5486,404
5487,402
5488,375
5489,360
5490,182
5491,427
5492,425
5493,396
5494,427
5495,104
5496,427
5497,391
5498,375
5499,427
5500,78
5501,392
5502,417
5503,382
5504,393
5505,195
5506,388
5507,384
5508,429
5509,428
5510,229
5511,382
5512,408
5513,428
5514,391
5515,5
5516,429
5517,428
5518,428
5519,379
5520,271
5521,390
5522,390
5523,372
5524,390
5525,317
5526,393
5527,428
5528,387
5529,431
5530,6
5531,387
5532,383
5533,418
5534,395
5535,234
5536,363
5537,380
5538,428
5539,385
5540,205
5541,351
5542,399
5543,429
5544,361
5545,4
5546,390
5547,429
5548,372
5549,384
5550,330
5551,387
5552,427
5553,382
5554,428
5555,66
5556,391
5557,381
5558,381
5559,404
5560,275
5561,382
5562,428
5563,427
5564,394
5565,106
5566,385
5567,424
5568,390
5569,354
5570,368
5571,421
5572,428
5573,385
5574,387
5575,364
5576,390
5577,383
5578,372
5579,388
5580,7
5581,404
5582,421
5583,384
5584,390
5585,6
5586,393
5587,427
5588,385
5589,399
5590,18
5591,382
5592,428
5593,387
5594,381
5595,6
5596,418
5597,382
5598,413
5599,412
5600,408
5601,427
5602,386
5603,428
5604,425
5605,224
5606,392
5607,367
5608,413
5609,428
5610,190
5611,404
5612,422
5613,384
5614,385
5615,396
5616,392
5617,390
5618,393
5619,393
5620,385
5621,354
5622,418
5623,393
5624,385
5625,350
5626,428
5627,383
5628,425
5629,383
5630,385
5631,385
5632,428
5633,382
5634,358
5635,269
5636,393
5637,393
5638,429
5639,371
5640,13
5641,413
5642,393
5643,383
5644,363
5645,10
5646,399
5647,392
5648,417
5649,384
5650,336
5651,393
5652,393
5653,384
5654,385
5655,214
5656,418
5657,413
5658,393
5659,390
5660,7
5661,370
5662,392
5663,413
5664,427
5665,272
5666,393
5667,387
5668,429
5669,408
5670,146
5671,428
5672,428
5673,426
5674,382
5675,3
5676,384
5677,353
5678,393
5679,385
5680,101
5681,428
5682,426
5683,427
5684,428
5685,89
5686,362
5687,388
5688,390
5689,385
5690,385
5691,361
5692,376
5693,390
5694,427
5695,93
5696,394
5697,427
5698,428
5699,385
5700,313
5701,393
5702,398
5703,393
5704,393
5705,101
5706,354
5707,393
5708,414
5709,364
5710,139
5711,419
5712,393
5713,393
5714,346
5715,158
5716,427
5717,398
5718,393
5719,386
5720,83
5721,382
5722,393
5723,362
5724,393
5725,67
5726,393
5727,394
5728,399
5729,347
5730,58
5731,396
5732,414
5733,386
5734,427
5735,384
5736,353
5737,427
5738,393
5739,427
5740,333
5741,353
5742,425
5743,383
5744,396
5745,196
5746,428
5747,427
5748,394
5749,381
5750,6
5751,415
5752,428
5753,420
5754,374
5755,4
5756,358
5757,403
5758,401
5759,413
5760,166
5761,387
5762,428
5763,401
5764,404
5765,163
5766,421
5767,427
5768,406
5769,428
5770,188
5771,357
5772,398
5773,383
5774,367
5775,172
5776,398
5777,414
5778,406
5779,393
5780,372
5781,418
5782,367
5783,367
5784,396
5785,6
5786,393
5787,427
5788,393
5789,362
5790,191
5791,411
5792,392
5793,425
5794,382
5795,372
5796,394
5797,351
5798,394
5799,428
5800,393
5801,353
5802,392
5803,419
5804,425
5805,138
5806,428
5807,374
5808,393
5809,401
5810,65
5811,385
5812,409
5813,407
5814,406
5815,7
5816,416
5817,375
5818,428
5819,358
5820,240
5821,393
5822,383
5823,428
5824,413
5825,86
5826,382
5827,359
5828,361
5829,384
5830,387
5831,384
5832,428
5833,427
5834,424
5835,4
5836,390
5837,427
5838,416
5839,375
5840,250
5841,428
5842,386
5843,400
5844,425
5845,367
5846,390
5847,427
5848,428
5849,381
5850,354
5851,427
5852,355
5853,373
5854,401
5855,0
5856,390
5857,390
5858,419
5859,352
5860,81
5861,421
5862,375
5863,393
5864,414
5865,37
5866,372
5867,354
5868,370
5869,374
5870,383
5871,420
5872,394
5873,428
5874,415
5875,150
5876,382
5877,394
5878,388
5879,428
5880,45
5881,396
5882,413
5883,392
5884,361
5885,6
5886,370
5887,362
5888,384
5889,421
5890,123
5891,420
5892,382
5893,390
5894,428
5895,343
5896,407
5897,390
5898,407
5899,382
5900,4
5901,427
5902,381
5903,428
5904,428
5905,10
5906,382
5907,428
5908,427
5909,393
5910,384
5911,422
5912,428
5913,427
5914,428
5915,151
5916,393
5917,375
5918,364
5919,424
5920,239
5921,394
5922,393
5923,428
5924,393
5925,9
5926,391
5927,393
5928,375
5929,393
5930,193
5931,403
5932,362
5933,427
5934,354
5935,259
5936,394
5937,427
5938,393
5939,391
5940,287
5941,393
5942,393
5943,393
5944,425
5945,243
5946,393
5947,394
5948,317
5949,397
5950,66
5951,393
5952,428
5953,403
5954,394
5955,5
5956,394
5957,393
5958,428
5959,385
5960,202
5961,425
5962,399
5963,346
5964,394
5965,64
5966,393
5967,393
5968,408
5969,394
5970,250
5971,425
5972,427
5973,402
5974,428
5975,358
5976,382
5977,393
5978,391
5979,393
5980,237
5981,381
5982,393
5983,386
5984,386
5985,161
5986,379
5987,393
5988,393
5989,394
5990,94
5991,351
5992,393
5993,408
5994,375
5995,91
5996,384
5997,394
5998,408
5999,393
6000,412
6001,383
6002,429
6003,427
6004,393
6005,169
6006,427
6007,428
6008,377
6009,404
6010,305
6011,397
6012,374
6013,393
6014,393
6015,6
6016,393
6017,405
6018,423
6019,393
6020,171
6021,393
6022,358
6023,381
6024,393
6025,292
6026,385
6027,418
6028,393
6029,390
6030,281
6031,383
6032,389
6033,373
6034,393
6035,287
6036,427
6037,393
6038,393
6039,393
6040,197
6041,428
6042,414
6043,392
6044,418
6045,318
6046,393
6047,393
6048,393
6049,393
6050,228
6051,427
6052,363
6053,393
6054,429
6055,297
6056,386
6057,382
6058,429
6059,393
6060,191
6061,416
6062,425
6063,344
6064,393
6065,201
6066,396
6067,393
6068,393
6069,393
6070,66
6071,393
6072,393
6073,408
6074,418
6075,287
6076,393
6077,387
6078,398
6079,428
6080,223
6081,394
6082,393
6083,353
6084,394
6085,167
6086,393
6087,408
6088,366
6089,408
6090,8
6091,408
6092,393
6093,399
6094,404
6095,316
6096,342
6097,393
6098,400
6099,428
6100,139
6101,393
6102,386
6103,429
6104,375
6105,150
6106,384
6107,393
6108,396
6109,427
6110,6
6111,425
6112,428
6113,428
6114,418
6115,4
6116,359
6117,425
6118,413
6119,393
6120,354
6121,425
6122,422
6123,413
6124,393
6125,6
6126,414
6127,385
6128,411
6129,393
6130,201
6131,418
6132,390
6133,398
6134,328
6135,140
6136,410
6137,390
6138,393
6139,413
6140,406
6141,393
6142,393
6143,393
6144,428
6145,397
6146,375
6147,427
6148,428
6149,411
6150,50
6151,393
6152,427
6153,393
6154,359
6155,363
6156,393
6157,393
6158,393
6159,422
6160,86
6161,428
6162,381
6163,427
6164,393
6165,277
6166,428
6167,411
6168,393
6169,428
6170,315
6171,393
6172,374
6173,362
6174,393
6175,316
6176,393
6177,363
6178,428
6179,427
6180,139
6181,393
6182,413
6183,393
6184,416
6185,64
6186,428
6187,393
6188,359
6189,381
6190,96
6191,393
6192,393
6193,390
6194,426
6195,169
6196,393
6197,393
6198,428
6199,353
6200,336
6201,382
6202,375
6203,387
6204,356
6205,66
6206,374
6207,425
6208,425
6209,379
6210,37
6211,411
6212,417
6213,338
6214,393
6215,67
6216,393
6217,425
6218,393
6219,428
6220,212
6221,392
6222,354
6223,393
6224,428
6225,192
6226,374
6227,408
6228,369
6229,386
6230,87
6231,393
6232,401
6233,393
6234,393
6235,212
6236,349
6237,351
6238,393
6239,393
6240,224
6241,393
6242,346
6243,393
6244,425
6245,189
6246,393
6247,351
6248,393
6249,409
6250,342
6251,395
6252,366
6253,393
6254,425
6255,368
6256,393
6257,362
6258,403
6259,368
6260,167
6261,428
6262,428
6263,428
6264,329
6265,5
6266,358
6267,428
6268,341
6269,393
6270,3
6271,363
6272,369
6273,428
6274,403
6275,7
6276,427
6277,379
6278,393
6279,427
6280,2
6281,428
6282,393
6283,383
6284,428
6285,225
6286,363
6287,359
6288,398
6289,393
6290,78
6291,428
6292,428
6293,403
6294,393
6295,337
6296,393
6297,389
6298,418
6299,428
6300,7
6301,393
6302,411
6303,353
6304,393
6305,177
6306,386
6307,363
6308,428
6309,400
6310,104
6311,393
6312,408
6313,393
6314,387
6315,71
6316,378
6317,397
6318,376
6319,353
6320,66
6321,417
6322,364
6323,323
6324,377
6325,295
6326,419
6327,363
6328,390
6329,359
6330,3
6331,391
6332,393
6333,392
6334,342
6335,191
6336,394
6337,341
6338,358
6339,393
6340,127
6341,337
6342,342
6343,319
6344,390
6345,144
6346,382
6347,364
6348,375
6349,417
6350,23
6351,420
6352,401
6353,363
6354,420
6355,269
6356,428
6357,428
6358,428
6359,398
6360,1
6361,394
6362,428
6363,388
6364,383
6365,95
6366,420
6367,427
6368,359
6369,374
6370,3
6371,411
6372,393
6373,392
6374,337
6375,2
6376,383
6377,339
6378,374
6379,356
6380,196
6381,344
6382,386
6383,393
6384,390
6385,72
6386,326
6387,428
6388,427
6389,427
6390,5
6391,353
6392,393
6393,353
6394,393
6395,191
6396,350
6397,401
6398,413
6399,394
6400,318
6401,346
6402,393
6403,398
6404,351
6405,339
6406,427
6407,428
6408,382
6409,302
6410,138
6411,413
6412,428
6413,392
6414,403
6415,271
6416,428
6417,393
6418,420
6419,390
6420,80
6421,428
6422,408
6423,427
6424,359
6425,353
6426,382
6427,428
6428,390
6429,393
6430,3
6431,410
6432,378
6433,418
6434,428
6435,198
6436,393
6437,386
6438,398
6439,393
6440,33
6441,283
6442,393
6443,404
6444,428
6445,283
6446,390
6447,393
6448,393
6449,398
6450,182
6451,427
6452,393
6453,366
6454,429
6455,335
6456,351
6457,408
6458,413
6459,383
6460,71
6461,393
6462,404
6463,398
6464,428
6465,0
6466,393
6467,363
6468,272
6469,358
6470,374
6471,390
6472,390
6473,359
6474,393
6475,5
6476,428
6477,427
6478,390
6479,422
6480,331
6481,393
6482,386
6483,408
6484,427
6485,349
6486,255
6487,393
6488,393
6489,393
6490,274
6491,363
6492,413
6493,393
6494,428
6495,385
6496,428
6497,270
6498,353
6499,393
6500,10
6501,384
6502,358
6503,429
6504,427
6505,3
6506,428
6507,416
6508,413
6509,382
6510,4
6511,367
6512,390
6513,393
6514,428
6515,244
6516,393
6517,393
6518,393
6519,411
6520,7
6521,405
6522,362
6523,413
6524,430
6525,0
6526,393
6527,408
6528,393
6529,426
6530,173
6531,403
6532,403
6533,361
6534,428
6535,264
6536,393
6537,427
6538,399
6539,360
6540,151
6541,428
6542,427
6543,393
6544,379
6545,5
6546,382
6547,393
6548,393
6549,393
6550,4
6551,427
6552,386
6553,363
6554,420
6555,374
6556,390
6557,398
6558