0,-123.5
1,-137.5
2,12
3,-111
4,96
5,-160
6,-122
7,-116
8,-116.5
9,-122
10,-153.5
11,-123
12,-111
13,-127
14,-122
15,-116
16,-116.5
17,-98
18,-131.5
19,-116.5
20,-138
21,-116
22,-134.5
23,-127.5
24,-134.5
25,-133
26,-122
27,-127.5
28,-111
29,-116
30,-100.5
31,-128.5
32,-132
33,-122
34,-131.5
35,-100.5
36,-106.5
37,-94
38,-118.5
39,-123
40,-151
41,-116.5
42,-65.5
43,-132
44,-97
45,-85.5
46,-97
47,-127
48,-116.5
49,-46.5
50,-131.5
51,-127
52,-133
53,-122.5
54,-122
55,-100.5
56,16
57,-133
58,-132
59,-84
60,1046
61,-126.5
62,-111
63,-123
64,-67.5
65,-51
66,-123.5
67,-94
68,-115
69,-127
70,-34.5
71,-116.5
72,-107.5
73,-64.5
74,-116.5
75,-100.5
76,-107.5
77,-112
78,-116
79,-116.5
80,-121
81,-134
82,-116
83,-118
84,-116
85,-101
86,-134
87,-54.5
88,-137.5
89,-116
90,-134.5
91,-116.5
92,-116.5
93,-116.5
94,-116.5
95,-148.5
96,-76.5
97,-98.5
98,-89.5
99,-122
100,-122
101,-111
102,-116.5
103,-116
104,-69
105,-119
106,-116
107,-116.5
108,-134
109,-111
110,-146.5
111,-111
112,-117
113,-112
114,-94
115,-87.5
116,-132.5
117,-111
118,-132
119,-116.5
120,-112.5
121,-123.5
122,-92.5
123,-124
124,-116
125,-111
126,-133
127,-116.5
128,-139.5
129,-116
130,-93
131,-116
132,-138.5
133,-127
134,-132
135,-100.5
136,-132
137,-135
138,-118.5
139,-69
140,-147
141,-116.5
142,-111
143,-111
144,-116
145,-93
146,-111
147,-106.5
148,-124.5
149,-116
150,-83.5
151,-112
152,-132
153,-128.5
154,-112
155,-121.5
156,-116.5
157,-56.5
158,-111
159,-111
160,-185
161,-133
162,-133
163,-133
164,-116.5
165,-66
166,-116.5
167,-51
168,-64
169,-116.5
170,-155.5
171,-116.5
172,-82.5
173,-133
174,-116
175,-100.5
176,-97.5
177,-116.5
178,-116.5
179,-69.5
180,-106.5
181,-116.5
182,-116.5
183,-121
184,-98.5
185,-135.5
186,-36
187,-111
188,-127.5
189,-116
190,-77
191,-127
192,-44
193,-61
194,-98
195,-223.5
196,-66
197,-116.5
198,-65.5
199,-116.5
200,-48.5
201,-116
202,-51
203,-103.5
204,-133
205,-140
206,-116.5
207,-65
208,-92.5
209,-112
210,-134
211,-116.5
212,-116.5
213,-102
214,-74.5
215,66
216,-97.5
217,-116.5
218,-111
219,-88
220,-100.5
221,-76
222,-132
223,-116.5
224,-40.5
225,-49
226,-116
227,-116
228,-129
229,-122
230,-166.5
231,-80.5
232,-116.5
233,-116.5
234,-89.5
235,-106.5
236,-116.5
237,-116.5
238,-66
239,-69.5
240,-78
241,-116.5
242,-85
243,-147.5
244,-88.5
245,-67.5
246,-125
247,-116.5
248,-116.5
249,-116.5
250,-78
251,-111
252,-116
253,-94
254,-118.5
255,-91.5
256,-84
257,-127.5
258,-106.5
259,-138.5
260,-60.5
261,-116.5
262,-116.5
263,-122
264,-106.5
265,-22
266,-131.5
267,-98
268,-144.5
269,-138.5
270,-108
271,-116
272,-116.5
273,-119
274,-49
275,-150
276,-98
277,-135.5
278,-132.5
279,-111
280,-100.5
281,-122.5
282,-111
283,-127
284,-116
285,-100.5
286,-83.5
287,-98.5
288,-116
289,-122
290,-130.5
291,-132
292,-127.5
293,-116
294,-94
295,-87.5
296,-103
297,-116.5
298,-116
299,-112
300,-101
301,-127
302,-81.5
303,-119.5
304,-118.5
305,-127
306,-118
307,-116
308,-127.5
309,-116.5
310,-93
311,-97
312,-102
313,-69
314,-111
315,-116.5
316,-111
317,13
318,-111
319,-98.5
320,-88.5
321,-105.5
322,-94
323,-116.5
324,-116.5
325,-114
326,-113
327,-93.5
328,-97
329,-116
330,-125
331,-60.5
332,-103
333,-116
334,-134.5
335,-100.5
336,-138.5
337,-111
338,-116
339,-116
340,-106.5
341,-116
342,-55.5
343,-132
344,-111
345,-187.5
346,-131.5
347,-120
348,-128.5
349,-107.5
350,-90.5
351,-133
352,-116
353,-112.5
354,-119.5
355,-121.5
356,-67
357,-116.5
358,-111
359,-94
360,-44.5
361,-112
362,-131.5
363,-77
364,-116
365,-102
366,-104.5
367,-127
368,-60
369,-116.5
370,-83.5
371,-131.5
372,-118.5
373,-116.5
374,-116.5
375,-96.5
376,-116.5
377,-133
378,-122
379,-103.5
380,-107.5
381,-112
382,-116.5
383,-68.5
384,-116
385,-96.5
386,-112
387,-49.5
388,-135
389,-116
390,-122
391,-138.5
392,-132.5
393,-106.5
394,-128.5
395,-115
396,-112
397,-84
398,-63.5
399,-127
400,-116.5
401,-127.5
402,-126.5
403,-122
404,162
405,-171
406,-127.5
407,-57.5
408,-111
409,-127.5
410,-109.5
411,-89
412,-136
413,-111
414,-107.5
415,-123.5
416,-134
417,-111
418,-57.5
419,-3
420,-136.5
421,-107.5
422,-112
423,-116.5
424,-116
425,-100.5
426,-111
427,-116.5
428,-111
429,-127
430,-100.5
431,-98.5
432,-107.5
433,-134
434,-120.5
435,-194
436,-133
437,-140.5
438,-132
439,-111
440,-127.5
441,-126.5
442,-127.5
443,-116.5
444,-131.5
445,-128.5
446,-65
447,-139.5
448,-75
449,-112.5
450,-137.5
451,-133
452,-130
453,-117.5
454,-118.5
455,-121.5
456,-93
457,-129.5
458,-85
459,-86.5
460,-102
461,-111
462,-123
463,-118
464,-116.5
465,-119
466,-104
467,-62
468,-115
469,-132
470,-100.5
471,-92.5
472,-97.5
473,47.5
474,-110.5
475,-101
476,3
477,-116
478,-116.5
479,-29.5
480,-82
481,-101
482,-122
483,-97
484,-116.5
485,-116
486,-49.5
487,-111
488,-116.5
489,-134
490,-102
491,-47.5
492,-57.5
493,-98.5
494,-116
495,-116.5
496,-80.5
497,-103.5
498,-132
499,-132
500,-111
501,-85
502,-116
503,-36
504,-123
505,-98
506,-127.5
507,-123.5
508,-135.5
509,-127
510,-71.5
511,-128.5
512,-103
513,-59
514,-88.5
515,-100.5
516,-54
517,-82
518,-53
519,-111
520,-100.5
521,-134
522,-106.5
523,-140
524,-132.5
525,-101
526,-55.5
527,-97.5
528,-116.5
529,-59
530,-111
531,-92.5
532,-116.5
533,-64.5
534,-32.5
535,-186.5
536,-102
537,-66.5
538,-83.5
539,-78.5
540,-134
541,-53.5
542,-61
543,17.5
544,-132
545,-137.5
546,-120
547,-111
548,-116.5
549,-35
550,-107.5
551,-116.5
552,-131.5
553,-89
554,-89
555,-5
556,26
557,-117
558,-82.5
559,-83
560,-173
561,-129
562,-116
563,-116
564,-111
565,-100.5
566,-107.5
567,-97.5
568,-79.5
569,-117
570,-83
571,-57.5
572,-116.5
573,-126.5
574,-116.5
575,-38
576,-127
577,-133
578,-132
579,-126.5
580,-145.5
581,-154
582,-103.5
583,-116.5
584,-129.5
585,-91
586,38.5
587,-133.5
588,-64
589,-58.5
590,-88
591,-119.5
592,-83.5
593,-127.5
594,-127.5
595,-68.5
596,-104.5
597,-81
598,-24
599,-93.5
600,-90.5
601,-111
602,-116
603,-116
604,-133.5
605,-60.5
606,-117.5
607,-112
608,-9
609,-127.5
610,-122
611,-116.5
612,-118.5
613,-122.5
614,-122.5
615,-116.5
616,-133
617,-116.5
618,-134
619,-124.5
620,35
621,-63.5
622,-131.5
623,-127.5
624,-112
625,-87
626,-131.5
627,-76.5
628,-133
629,-142
630,-138
631,-111
632,-116
633,-128.5
634,-102
635,-116.5
636,-104
637,-97.5
638,-116.5
639,-118.5
640,21
641,-126.5
642,-67
643,-69.5
644,-142.5
645,-84
646,-59
647,-116
648,-84.5
649,-94.5
650,-84
651,-116
652,-65
653,-116.5
654,-104
655,-87.5
656,-53.5
657,-111
658,-133.5
659,-92.5
660,-129.5
661,-111
662,-111
663,-78.5
664,-132
665,-53.5
666,-10.5
667,-68.5
668,-122.5
669,-116.5
670,-69.5
671,-29
672,-64
673,-102
674,-132
675,-116.5
676,-132
677,-46.5
678,-83.5
679,4
680,-134
681,-84
682,-116
683,-103.5
684,-132.5
685,-106.5
686,-60
687,-92.5
688,-124
689,-77
690,-93
691,-82.5
692,-64.5
693,-98.5
694,-127.5
695,-83
696,-116
697,-106.5
698,-8
699,-44.5
700,-91.5
701,-127.5
702,-116
703,-116.5
704,-132
705,-74
706,-64
707,-84.5
708,-39.5
709,-111
710,-55.5
711,-108
712,-116
713,-97
714,-127.5
715,-147.5
716,-126.5
717,-112
718,-133
719,-4
720,-132.5
721,-97.5
722,-107.5
723,-116.5
724,-122.5
725,-116
726,-116.5
727,-116
728,53
729,-93
730,-144
731,-108.5
732,-98
733,-116
734,-14
735,-135.5
736,-116.5
737,-93.5
738,-33
739,-116.5
740,-106.5
741,-126.5
742,-67
743,-98
744,-116.5
745,-96.5
746,-111
747,-116.5
748,-46.5
749,-2.5
750,-187
751,-39
752,-116.5
753,-78
754,-112
755,-87.5
756,-116
757,-116.5
758,-131.5
759,15
760,-100.5
761,-61.5
762,-147
763,-55
764,-116.5
765,-69
766,-116.5
767,-3.5
768,-106.5
769,-91
770,-138.5
771,-69.5
772,-135.5
773,-100
774,34
775,-127
776,-116
777,-103
778,-43.5
779,-72.5
780,-54.5
781,-88.5
782,-116.5
783,-95
784,-73
785,-53
786,-131.5
787,-133.5
788,-92.5
789,-85
790,-124
791,-54
792,-128.5
793,-112
794,-72.5
795,-185.5
796,-116.5
797,-108.5
798,101.5
799,-94.5
800,-98.5
801,-54
802,-116.5
803,102
804,-112
805,-141
806,-127.5
807,-90.5
808,-111
809,-105.5
810,-122
811,-111
812,-111
813,-147.5
814,92.5
815,-84
816,-112
817,-132
818,-116
819,-132
820,-101
821,-48.5
822,-122
823,-35.5
824,-83.5
825,42.5
826,-78
827,-111
828,-111
829,102.5
830,-20
831,10.5
832,-108.5
833,49
834,-116.5
835,-96.5
836,-111
837,-111
838,-131.5
839,-92.5
840,-70
841,-126.5
842,-107.5
843,23.5
844,-55.5
845,-127
846,-111
847,-93.5
848,-112
849,-116
850,-412
851,-116.5
852,-92
853,-119.5
854,-74
855,-201.5
856,-60.5
857,-60.5
858,-131.5
859,-63
860,-100.5
861,-116.5
862,-116.5
863,-123
864,-88.5
865,-122
866,-44
867,-94
868,-102
869,-116.5
870,-126.5
871,-126.5
872,-111
873,17
874,-72.5
875,-93
876,-24.5
877,-36
878,-116.5
879,-66.5
880,-117
881,-61.5
882,-103
883,-116
884,-145
885,-91.5
886,-63
887,-52
888,-116
889,-58.5
890,-67.5
891,-88
892,-111
893,-128.5
894,-113
895,-111
896,-99
897,-14.5
898,-116
899,38.5
900,-100.5
901,-127.5
902,-52.5
903,12.5
904,9.5
905,-129
906,-132.5
907,-127.5
908,-98.5
909,-102
910,-122
911,-111
912,-78.5
913,-116.5
914,-51.5
915,-101
916,-133
917,-132
918,-110
919,-133
920,-118
921,-65
922,-115
923,-39
924,-111
925,-111
926,-116
927,-111
928,-116
929,-77
930,-128.5
931,-82.5
932,-104
933,-116.5
934,-130
935,-61.5
936,-133.5
937,-135
938,-112
939,-97.5
940,-175.5
941,-116
942,-69.5
943,-147.5
944,-122
945,-115.5
946,-29.5
947,127
948,-116.5
949,-89.5
950,-90
951,-162.5
952,-65
953,26.5
954,-80.5
955,1005.5
956,-102
957,-46.5
958,-139.5
959,-106.5
960,3.5
961,-79
962,-116
963,-79.5
964,-39
965,-129
966,-122
967,-116
968,-116.5
969,-69
970,-116.5
971,-66
972,-83.5
973,-94
974,-16
975,-123.5
976,-116
977,-19.5
978,-106
979,-133
980,-106.5
981,-66
982,-137.5
983,-69
984,-15.5
985,-121.5
986,-139
987,-98
988,-122.5
989,-116
990,-75.5
991,-120
992,-102
993,-9.5
994,-112
995,-51
996,-116
997,-131.5
998,-102.5
999,-49.5
1000,96
1001,-58.5
1002,-104
1003,-102
1004,-75.5
1005,-163.5
1006,-132
1007,-116.5
1008,-48.5
1009,-127.5
1010,-142.5
1011,-116.5
1012,-81
1013,-50
1014,-116.5
1015,-63
1016,-112
1017,-139
1018,-113
1019,-113
1020,-100.5
1021,-56.5
1022,-72.5
1023,-116.5
1024,-115.5
1025,-127.5
1026,-112
1027,-94
1028,-59.5
1029,-79
1030,-93.5
1031,-98.5
1032,-116
1033,-21
1034,-102
1035,-86
1036,-133
1037,-119
1038,-124
1039,-128.5
1040,-100.5
1041,-116
1042,62
1043,-97
1044,-98.5
1045,-87
1046,38
1047,-75
1048,-107.5
1049,-102
1050,-100.5
1051,-133
1052,-106.5
1053,-102
1054,-47
1055,-112
1056,-154
1057,-134
1058,-111
1059,-68
1060,-108
1061,-122.5
1062,-111
1063,-116.5
1064,-35
1065,-150
1066,-116.5
1067,-122.5
1068,-131.5
1069,-70
1070,-111
1071,-74
1072,-55.5
1073,-68
1074,-134
1075,-100.5
1076,-41.5
1077,-71.5
1078,-116.5
1079,-112
1080,-132.5
1081,-125
1082,-111
1083,-71.5
1084,-116.5
1085,-65
1086,72
1087,-116
1088,-21
1089,-111
1090,-128.5
1091,-123.5
1092,-73.5
1093,-127
1094,-45.5
1095,-108
1096,-51
1097,-40
1098,-122
1099,-116
1100,-223.5
1101,-98.5
1102,-36.5
1103,-102
1104,-116
1105,-86
1106,-98.5
1107,-112.5
1108,-116
1109,-124
1110,-87.5
1111,-112
1112,-60
1113,-122
1114,-36.5
1115,-76.5
1116,-151.5
1117,-133.5
1118,-11.5
1119,-93
1120,-30.5
1121,-14
1122,-93
1123,-106
1124,-106.5
1125,-198.5
1126,-112
1127,-106.5
1128,-103
1129,-132.5
1130,-118.5
1131,-85
1132,17
1133,-85
1134,-104
1135,-143
1136,-20.5
1137,-116.5
1138,-30.5
1139,-116
1140,-191
1141,-111
1142,-58.5
1143,-44.5
1144,-14.5
1145,-75
1146,-127.5
1147,-116
1148,-111
1149,-94
1150,-144
1151,-116.5
1152,-112
1153,-74
1154,89.5
1155,-112
1156,-82.5
1157,30
1158,-98.5
1159,-114
1160,-152
1161,-89.5
1162,-80.5
1163,-74.5
1164,-66
1165,-116
1166,13
1167,-53.5
1168,-116.5
1169,-118.5
1170,-86
1171,-36.5
1172,-37
1173,-116
1174,-66.5
1175,-118
1176,-119.5
1177,-110.5
1178,-75.5
1179,-79.5
1180,-60
1181,-111
1182,-98.5
1183,-116.5
1184,-86.5
1185,-162
1186,-64
1187,-47
1188,-66
1189,-113
1190,-117.5
1191,-97.5
1192,-73
1193,-120
1194,-59.5
1195,-157.5
1196,-123
1197,-116
1198,-98.5
1199,-87
1200,-116
1201,-84.5
1202,-132
1203,-129.5
1204,-107.5
1205,-127.5
1206,-81.5
1207,-103
1208,-70.5
1209,-36.5
1210,-100.5
1211,40
1212,-60.5
1213,14
1214,7
1215,-111.5
1216,-104.5
1217,-132
1218,-127.5
1219,-116
1220,-81
1221,-56.5
1222,-70.5
1223,-94
1224,-84.5
1225,-93
1226,-66.5
1227,-70.5
1228,-89.5
1229,-54
1230,-100.5
1231,-121
1232,33
1233,-97.5
1234,-124
1235,-89
1236,-78
1237,-13.5
1238,-108.5
1239,-100.5
1240,-12.5
1241,-134
1242,-116.5
1243,-63.5
1244,-63
1245,-78.5
1246,-8.5
1247,-103
1248,-116.5
1249,-97.5
1250,-100.5
1251,-11.5
1252,-115
1253,-57.5
1254,-55.5
1255,-77.5
1256,-118.5
1257,-90.5
1258,-23.5
1259,-107.5
1260,-116.5
1261,-86.5
1262,-106.5
1263,-67
1264,-116
1265,-100.5
1266,-99.5
1267,-25.5
1268,1
1269,-103
1270,-197.5
1271,-116.5
1272,-16
1273,-116
1274,-140
1275,-101
1276,-65.5
1277,-98.5
1278,-95
1279,-81.5
1280,-106.5
1281,-67.5
1282,-116.5
1283,-116
1284,-116.5
1285,-101
1286,-126.5
1287,-116.5
1288,-58.5
1289,-68
1290,-102
1291,16
1292,38
1293,-133
1294,-61.5
1295,-85.5
1296,-132
1297,-102.5
1298,-89.5
1299,-116.5
1300,-182
1301,-118
1302,-111
1303,-111
1304,-89.5
1305,-53
1306,-64.5
1307,-107.5
1308,-116
1309,-86
1310,-122.5
1311,-10.5
1312,-127.5
1313,-127.5
1314,-116.5
1315,-17.5
1316,-56
1317,-39.5
1318,-94
1319,-66.5
1320,-137
1321,-21.5
1322,-57
1323,-107.5
1324,-135
1325,-70
1326,-141.5
1327,-116
1328,-39.5
1329,-111
1330,-90.5
1331,-116
1332,-59
1333,-100.5
1334,-111
1335,-239.5
1336,-86
1337,-74.5
1338,-89.5
1339,-65.5
1340,-134.5
1341,-56.5
1342,-73
1343,-95
1344,-77
1345,-96.5
1346,-111
1347,-105
1348,-62
1349,-74.5
1350,-100.5
1351,-28.5
1352,-71
1353,-116.5
1354,-116
1355,-141.5
1356,-94
1357,-47
1358,-58
1359,-130
1360,-100.5
1361,-131.5
1362,-126.5
1363,-7
1364,-51.5
1365,-115
1366,-111
1367,-56.5
1368,-98.5
1369,7
1370,-100.5
1371,-140
1372,-37.5
1373,-89.5
1374,-113
1375,-25
1376,-84.5
1377,-119
1378,-98.5
1379,-38
1380,-97
1381,-116
1382,-123
1383,-73
1384,-97
1385,-111
1386,-101.5
1387,-123
1388,-53
1389,77.5
1390,-19.5
1391,-15.5
1392,-79.5
1393,-126.5
1394,83
1395,-123
1396,-76
1397,-59
1398,-116
1399,-38
1400,11
1401,-138.5
1402,-71
1403,-63
1404,-66
1405,-87
1406,-116.5
1407,-70
1408,-108.5
1409,-144.5
1410,-113
1411,56.5
1412,-112
1413,-103
1414,-89.5
1415,-101
1416,-132.5
1417,-116
1418,24.5
1419,-111
1420,-127
1421,-88.5
1422,-88.5
1423,34.5
1424,-67
1425,-104
1426,4
1427,-67.5
1428,67
1429,-53
1430,-91.5
1431,-69.5
1432,-73
1433,-107.5
1434,-133
1435,-132.5
1436,-71
1437,-116.5
1438,-4
1439,-118
1440,-123
1441,-22
1442,-101.5
1443,-80
1444,-72.5
1445,-107
1446,-66
1447,-145.5
1448,-95
1449,-111
1450,-123
1451,-62
1452,-76
1453,-93
1454,-89.5
1455,-37.5
1456,-128
1457,-116.5
1458,-124.5
1459,-116
1460,-108.5
1461,-116.5
1462,-15.5
1463,-77.5
1464,19
1465,-145
1466,53.5
1467,72.5
1468,-133
1469,-122
1470,-138.5
1471,-95
1472,-37.5
1473,-77
1474,-102
1475,18.5
1476,-43
1477,-116
1478,-68.5
1479,-58
1480,-99
1481,-122
1482,-127
1483,-83.5
1484,-71.5
1485,-106.5
1486,-116.5
1487,-111
1488,-103.5
1489,-42
1490,-127.5
1491,-55.5
1492,-82.5
1493,-24
1494,-97.5
1495,-167
1496,-86.5
1497,-71.5
1498,-89.5
1499,-111
1500,-53.5
1501,-112
1502,65.5
1503,-59.5
1504,-69.5
1505,-49.5
1506,-84
1507,-127.5
1508,-116.5
1509,-61
1510,999.5
1511,-116
1512,-109.5
1513,-23.5
1514,-63.5
1515,-116.5
1516,30.5
1517,-93
1518,-112
1519,-40.5
1520,-41.5
1521,-18
1522,-59
1523,-80
1524,-83.5
1525,-42.5
1526,-113
1527,-39.5
1528,-119.5
1529,-131.5
1530,-154
1531,-116
1532,-125.5
1533,-111
1534,-77
1535,-110
1536,-70.5
1537,-59.5
1538,-133
1539,-107.5
1540,-129.5
1541,-119.5
1542,-6.5
1543,-57.5
1544,-116
1545,-127
1546,-52
1547,66.5
1548,-92
1549,-45
1550,-130
1551,-116
1552,47
1553,-131.5
1554,-133
1555,-74
1556,-71
1557,-78.5
1558,-85
1559,-93
1560,-42.5
1561,-106.5
1562,-87.5
1563,-25.5
1564,-135
1565,-119.5
1566,-114
1567,-114.5
1568,-66.5
1569,-127
1570,-14.5
1571,-7.5
1572,-75.5
1573,-62
1574,-122
1575,-94.5
1576,-87.5
1577,-104
1578,-125
1579,-116
1580,-108.5
1581,-57.5
1582,-78.5
1583,-21.5
1584,-78.5
1585,-96.5
1586,-25
1587,-110.5
1588,-93
1589,-127.5
1590,-94.5
1591,-39
1592,-111
1593,-85.5
1594,-59
1595,-106.5
1596,-127
1597,-46
1598,-88.5
1599,-2
1600,-116.5
1601,-113
1602,-89
1603,-61
1604,-85.5
1605,-177.5
1606,-2.5
1607,-38.5
1608,-98.5
1609,-132
1610,-56
1611,-116.5
1612,-36.5
1613,-113
1614,-118
1615,-109
1616,-72.5
1617,-61
1618,-127.5
1619,-10
1620,-101
1621,-85
1622,22.5
1623,-27.5
1624,-47.5
1625,-107
1626,-126.5
1627,-98
1628,1
1629,-107.5
1630,-143.5
1631,-11.5
1632,-26.5
1633,-89.5
1634,-85
1635,-162
1636,-71.5
1637,87
1638,-94
1639,-65.5
1640,-100.5
1641,15.5
1642,-91.5
1643,20
1644,-90
1645,-3.5
1646,-20
1647,-98.5
1648,-79.5
1649,-20
1650,-44
1651,-28
1652,59.5
1653,-98
1654,-37
1655,-111
1656,-118
1657,-127.5
1658,21
1659,-88
1660,-122
1661,-93.5
1662,-57.5
1663,-111
1664,-58
1665,-116
1666,-127
1667,-132.5
1668,-122
1669,-39
1670,-100.5
1671,-56
1672,-116.5
1673,-131.5
1674,-151.5
1675,-106.5
1676,-58
1677,-43
1678,-132
1679,-126.5
1680,-100.5
1681,-88.5
1682,-80
1683,-58
1684,-38.5
1685,-128
1686,-104
1687,-128.5
1688,-20
1689,-60.5
1690,-138.5
1691,-107.5
1692,-98.5
1693,-81.5
1694,-105
1695,-122
1696,-116.5
1697,-123
1698,27.5
1699,-39.5
1700,-287
1701,-67
1702,-13
1703,-61.5
1704,-132.5
1705,-100.5
1706,93
1707,-125
1708,-111
1709,-118.5
1710,-100.5
1711,-75.5
1712,19.5
1713,-76
1714,-132
1715,-125
1716,-111
1717,-111
1718,-133
1719,-38.5
1720,-94
1721,-54
1722,-70
1723,-116
1724,-2.5
1725,-86
1726,-111
1727,-102
1728,-56.5
1729,-60
1730,-124
1731,-36.5
1732,-1.5
1733,-97.5
1734,-79
1735,-123
1736,-62.5
1737,-60
1738,65.5
1739,-104
1740,-100.5
1741,-97
1742,-136
1743,55.5
1744,-39.5
1745,-127.5
1746,-38
1747,-59
1748,-116
1749,-57.5
1750,-52.5
1751,-65.5
1752,-127.5
1753,-132
1754,-45.5
1755,-100.5
1756,-23
1757,-31.5
1758,-118
1759,-80
1760,-112
1761,-64.5
1762,-82.5
1763,-125
1764,-100.5
1765,-97
1766,-55
1767,-98.5
1768,-107.5
1769,-138.5
1770,-156
1771,-111.5
1772,-39.5
1773,-106.5
1774,-119
1775,-100.5
1776,17.5
1777,-76
1778,-74
1779,-56
1780,-103
1781,-36
1782,-126.5
1783,-88
1784,-22
1785,-122.5
1786,-116
1787,-38
1788,-107.5
1789,-123
1790,-139
1791,-116.5
1792,-67.5
1793,-116
1794,-58.5
1795,-96
1796,94
1797,-84
1798,8.5
1799,-13.5
1800,-49
1801,-42.5
1802,60
1803,-61
1804,-71
1805,-127
1806,-92.5
1807,-133.5
1808,77.5
1809,-38.5
1810,-111
1811,-40.5
1812,-94
1813,-94.5
1814,-62.5
1815,-73
1816,-28
1817,-77
1818,53.5
1819,-38
1820,-95
1821,2.5
1822,-111
1823,-116
1824,-18
1825,34.5
1826,81
1827,64.5
1828,113
1829,-116.5
1830,-82.5
1831,-76
1832,-116.5
1833,-58
1834,-116
1835,84
1836,108.5
1837,-50.5
1838,-39
1839,-40.5
1840,-189
1841,-106.5
1842,33.5
1843,-89.5
1844,-74
1845,-59.5
1846,30
1847,-39
1848,41
1849,-111
1850,-55.5
1851,88
1852,-33
1853,-86
1854,-89.5
1855,-395.5
1856,35.5
1857,-116.5
1858,-93.5
1859,-60.5
1860,188.5
1861,-116.5
1862,-78.5
1863,-27
1864,-60
1865,-66.5
1866,-87
1867,-107.5
1868,-46.5
1869,-106.5
1870,1008.5
1871,-84.5
1872,-67.5
1873,-59.5
1874,-107.5
1875,-107.5
1876,-132
1877,-84.5
1878,68.5
1879,-113.5
1880,-71.5
1881,-107.5
1882,-131.5
1883,-116
1884,-17
1885,-85
1886,-89
1887,-77
1888,89.5
1889,-28
1890,-100.5
1891,-106.5
1892,-94.5
1893,-111
1894,-136
1895,-103.5
1896,-125
1897,-84
1898,-116
1899,-102
1900,-63
1901,-124.5
1902,-58
1903,-116
1904,-39.5
1905,-98.5
1906,-112
1907,23.5
1908,-132
1909,105.5
1910,-82
1911,-3
1912,33.5
1913,-31
1914,-23.5
1915,-127.5
1916,-79.5
1917,-93
1918,-56
1919,116
1920,-55
1921,-106.5
1922,-19
1923,-38.5
1924,-126.5
1925,-111
1926,-116
1927,-85
1928,-104.5
1929,103.5
1930,-39
1931,-43
1932,-72.5
1933,-78.5
1934,-45
1935,-93
1936,-42.5
1937,139
1938,-107.5
1939,-132
1940,-51.5
1941,-70.5
1942,-106.5
1943,25.5
1944,-73.5
1945,-154
1946,-53
1947,-87.5
1948,207
1949,-97
1950,-169
1951,98
1952,-34.5
1953,-58.5
1954,-46
1955,-63
1956,-103.5
1957,-88
1958,-103
1959,26.5
1960,-83.5
1961,-63
1962,-101.5
1963,-71.5
1964,-116
1965,-97.5
1966,87.5
1967,-53
1968,93.5
1969,-116.5
1970,-107.5
1971,-28.5
1972,-98
1973,95.5
1974,-26
1975,-159
1976,-57
1977,-106.5
1978,-54
1979,29
1980,-37.5
1981,-112
1982,81
1983,121.5
1984,-33
1985,-78.5
1986,112.5
1987,-62.5
1988,-98
1989,235
1990,-111
1991,29
1992,-75.5
1993,-92
1994,123.5
1995,-13
1996,26.5
1997,-89.5
1998,-127.5
1999,-120.5
2000,-51
2001,-76
2002,-132
2003,-43
2004,-57.5
2005,-100.5
2006,72.5
2007,-33
2008,-83
2009,167
2010,-153
2011,-111
2012,-29.5
2013,-77
2014,-102
2015,-210
2016,-98.5
2017,-33
2018,8
2019,-8.5
2020,-111
2021,-1.5
2022,-48.5
2023,-65
2024,-116.5
2025,-101
2026,-26
2027,24
2028,-64.5
2029,-40
2030,-127.5
2031,-102
2032,-104.5
2033,-77
2034,-116.5
2035,-92.5
2036,-111
2037,-8.5
2038,-102.5
2039,-104
2040,-111
2041,93
2042,-16.5
2043,-118.5
2044,-33
2045,-100.5
2046,29.5
2047,-61
2048,-54
2049,-79
2050,-65
2051,-57.5
2052,-30
2053,-113.5
2054,-85.5
2055,-103
2056,-127
2057,-97
2058,-56.5
2059,84.5
2060,-100.5
2061,-44
2062,-65
2063,-111
2064,-33.5
2065,-100.5
2066,-9.5
2067,104
2068,-65
2069,-83
2070,-131.5
2071,-136.5
2072,-88
2073,-106.5
2074,-9.5
2075,-124
2076,105
2077,-56.5
2078,-106.5
2079,-55.5
2080,-112.5
2081,-57.5
2082,-102
2083,48.5
2084,-126.5
2085,-77.5
2086,-118.5
2087,-77
2088,-106.5
2089,-29.5
2090,-87
2091,-84.5
2092,59
2093,-8.5
2094,-8.5
2095,91.5
2096,-127.5
2097,-102
2098,-112
2099,-78.5
2100,-100.5
2101,-102
2102,-46.5
2103,-114
2104,-116
2105,42
2106,-44
2107,-18.5
2108,-116.5
2109,217.5
2110,-101
2111,-112
2112,107
2113,92
2114,-29.5
2115,-73
2116,103.5
2117,81
2118,-7
2119,10
2120,189.5
2121,92
2122,103.5
2123,13.5
2124,-45
2125,-46.5
2126,-108
2127,-132
2128,24
2129,-132.5
2130,-112
2131,48.5
2132,-8.5
2133,35.5
2134,123
2135,-100.5
2136,-126.5
2137,-106.5
2138,-116
2139,-102
2140,-132.5
2141,-116
2142,-102
2143,-34.5
2144,-97.5
2145,-95.5
2146,64
2147,-102
2148,30
2149,-55
2150,-96.5
2151,131.5
2152,-116
2153,-14.5
2154,72.5
2155,-183
2156,28.5
2157,-92
2158,-54
2159,-44.5
2160,-56.5
2161,-40.5
2162,-131
2163,-116
2164,-34.5
2165,-161
2166,-57.5
2167,-92.5
2168,-128
2169,-127.5
2170,-100.5
2171,-83.5
2172,59.5
2173,-33
2174,-116.5
2175,-100.5
2176,-34
2177,-106.5
2178,-112
2179,40.5
2180,-113
2181,-10
2182,117.5
2183,-72
2184,-58.5
2185,-130
2186,-13
2187,-102
2188,-59
2189,-38.5
2190,-144
2191,109
2192,-77
2193,117.5
2194,88
2195,64.5
2196,-116.5
2197,-132
2198,-102
2199,77
2200,79.5
2201,-116.5
2202,-97.5
2203,-33
2204,10.5
2205,-168
2206,12.5
2207,-132
2208,1
2209,-132
2210,-39.5
2211,-4
2212,-58.5
2213,-132
2214,-33
2215,-113.5
2216,-58.5
2217,20
2218,-64.5
2219,-38.5
2220,-96
2221,-63
2222,-94
2223,-112
2224,-70.5
2225,-100.5
2226,-88
2227,-63
2228,-111
2229,-116
2230,-280
2231,59.5
2232,214.5
2233,109
2234,-77
2235,-144
2236,68.5
2237,63.5
2238,-53
2239,103
2240,-79.5
2241,18.5
2242,-77
2243,-97
2244,83.5
2245,-101
2246,-45.5
2247,-116
2248,78.5
2249,16
2250,-106.5
2251,53
2252,82
2253,140.5
2254,-116.5
2255,-103
2256,59
2257,-112
2258,-57.5
2259,67
2260,-178.5
2261,-79.5
2262,67
2263,128
2264,-132
2265,-65
2266,-46
2267,48
2268,-127.5
2269,-116.5
2270,-120.5
2271,-128.5
2272,-102
2273,-102
2274,120.5
2275,-111
2276,64
2277,-132
2278,-63.5
2279,103
2280,-116.5
2281,-127
2282,-132
2283,-54.5
2284,-116
2285,-102
2286,-112
2287,-102.5
2288,-116
2289,-39
2290,-116.5
2291,-57.5
2292,-97
2293,-40.5
2294,5
2295,-83.5
2296,-117
2297,-118
2298,-38.5
2299,-133
2300,-107.5
2301,-9
2302,-4
2303,-72.5
2304,-116.5
2305,151.5
2306,-43
2307,-69
2308,-55
2309,-92.5
2310,74.5
2311,-89
2312,-102
2313,220.5
2314,-48.5
2315,-133.5
2316,-65
2317,113
2318,42
2319,-77
2320,-379
2321,-77
2322,-14
2323,-132
2324,-77
2325,-117.5
2326,-132
2327,-78.5
2328,4
2329,145.5
2330,-47.5
2331,-35
2332,-132
2333,-102
2334,-128
2335,-10.5
2336,64
2337,-9
2338,-130
2339,-49.5
2340,-99
2341,28.5
2342,2.5
2343,-49.5
2344,-56
2345,-179.5
2346,-102
2347,117.5
2348,-15
2349,52
2350,-100.5
2351,-29.5
2352,19.5
2353,19.5
2354,57.5
2355,-78
2356,-134
2357,-60
2358,-48.5
2359,-116.5
2360,-111
2361,-43.5
2362,-82.5
2363,-9
2364,51
2365,-101
2366,-73.5
2367,-108.5
2368,-116.5
2369,-59.5
2370,-67.5
2371,43.5
2372,105.5
2373,-102
2374,-33
2375,-84
2376,-132
2377,-118.5
2378,-113
2379,88
2380,-100.5
2381,-93
2382,-102
2383,-119.5
2384,121.5
2385,-112
2386,109
2387,-116
2388,18
2389,-65
2390,-96.5
2391,-57.5
2392,50
2393,-87.5
2394,4
2395,-124
2396,-30
2397,-63
2398,200
2399,74
2400,-79
2401,-97
2402,-127.5
2403,-128
2404,64
2405,-54.5
2406,-69
2407,-77
2408,-67.5
2409,-116
2410,-26.5
2411,-126.5
2412,-59
2413,-117
2414,79
2415,-116.5
2416,78
2417,-65.5
2418,98
2419,-93.5
2420,78.5
2421,-54
2422,-102
2423,78.5
2424,5
2425,-100.5
2426,-116
2427,-35.5
2428,-60
2429,-43
2430,-168
2431,-112
2432,68
2433,-83.5
2434,253.5
2435,-100.5
2436,-64
2437,-89
2438,-40
2439,58
2440,12.5
2441,-111
2442,103
2443,-28.5
2444,-65.5
2445,137.5
2446,49.5
2447,-53.5
2448,53.5
2449,-111
2450,-128.5
2451,-132
2452,63.5
2453,-59
2454,-116
2455,-100.5
2456,-65.5
2457,-113.5
2458,-6
2459,14
2460,-24
2461,-63.5
2462,-77
2463,-123
2464,-74
2465,-157.5
2466,-82.5
2467,-116
2468,103.5
2469,-43.5
2470,-79
2471,63
2472,-132
2473,0
2474,-122.5
2475,-115
2476,-127.5
2477,-77
2478,-116
2479,-53
2480,-111
2481,35.5
2482,-116
2483,-116
2484,-133.5
2485,3
2486,96.5
2487,-98
2488,-61.5
2489,-65
2490,21.5
2491,-55
2492,-14.5
2493,46.5
2494,103.5
2495,-93
2496,-77
2497,226.5
2498,-50
2499,-132
2500,-116
2501,25
2502,-78
2503,-93.5
2504,39
2505,-100.5
2506,4.5
2507,-64.5
2508,-112.5
2509,-72.5
2510,-63.5
2511,23.5
2512,-107.5
2513,-132
2514,40.5
2515,-308
2516,-65.5
2517,-53
2518,-117
2519,-134
2520,-111
2521,-106.5
2522,-29.5
2523,19.5
2524,-58.5
2525,188.5
2526,103.5
2527,-116.5
2528,-112
2529,33
2530,53.5
2531,107
2532,-45.5
2533,-111
2534,-97
2535,-111
2536,-8.5
2537,-116
2538,42.5
2539,-59
2540,-96.5
2541,-43
2542,-54.5
2543,68.5
2544,198
2545,-64.5
2546,-102
2547,83.5
2548,41.5
2549,79
2550,-100.5
2551,219
2552,67.5
2553,103.5
2554,-9
2555,-100.5
2556,101.5
2557,104
2558,-4
2559,-83
2560,-72.5
2561,98.5
2562,-11
2563,-64.5
2564,-62.5
2565,-81
2566,-118
2567,-95
2568,102
2569,-65.5
2570,-41
2571,-118
2572,-78
2573,-129.5
2574,78.5
2575,-62.5
2576,-83
2577,18
2578,-57.5
2579,171
2580,-100.5
2581,-37
2582,103.5
2583,-79
2584,-63
2585,-71
2586,-67.5
2587,-48
2588,-43.5
2589,-77
2590,-116.5
2591,99
2592,20
2593,-127.5
2594,0.5
2595,-111
2596,59.5
2597,-39.5
2598,-116
2599,-60
2600,-63
2601,-33
2602,109
2603,102
2604,40
2605,-82
2606,-123
2607,13
2608,24
2609,-76
2610,151
2611,84
2612,35
2613,-122
2614,-44
2615,8.5
2616,-131.5
2617,226
2618,153
2619,32.5
2620,-93.5
2621,-116
2622,-107.5
2623,-77
2624,-64
2625,11.5
2626,76
2627,107
2628,-93
2629,-9.5
2630,-64.5
2631,4
2632,-51
2633,-59.5
2634,-59
2635,-123
2636,-97
2637,-33
2638,-131.5
2639,102
2640,48
2641,73.5
2642,74
2643,-120
2644,-122
2645,-119
2646,-116.5
2647,210.5
2648,-34.5
2649,-48
2650,20.5
2651,-21.5
2652,-92
2653,-34
2654,230.5
2655,-154.5
2656,0
2657,-116.5
2658,-43
2659,128
2660,-164
2661,-122
2662,-43
2663,-77
2664,58.5
2665,-49.5
2666,137.5
2667,58.5
2668,83.5
2669,-17
2670,51
2671,-140.5
2672,235.5
2673,-88
2674,-110.5
2675,-100.5
2676,-57.5
2677,-97
2678,-33
2679,-34.5
2680,-239
2681,128
2682,64.5
2683,92.5
2684,53.5
2685,-153.5
2686,-88.5
2687,-5.5
2688,16
2689,-122.5
2690,-29.5
2691,-14
2692,19.5
2693,1
2694,-116
2695,-209
2696,42.5
2697,69
2698,-126.5
2699,61.5
2700,78.5
2701,-64.5
2702,19
2703,205.5
2704,91.5
2705,-50.5
2706,-116
2707,-77
2708,-9
2709,-63
2710,-83
2711,-40.5
2712,-106.5
2713,65
2714,-77
2715,-79
2716,-77
2717,-112
2718,58.5
2719,-116.5
2720,-82
2721,-77
2722,-77
2723,-23.5
2724,-116
2725,46
2726,-39
2727,-112
2728,-60.5
2729,-48
2730,-100.5
2731,-106.5
2732,-126.5
2733,-63
2734,98
2735,-78.5
2736,-92.5
2737,-92.5
2738,-79
2739,-60
2740,-91.5
2741,107.5
2742,-116
2743,16
2744,98
2745,-100.5
2746,-34.5
2747,54
2748,-122
2749,71.5
2750,-106.5
2751,20.5
2752,-129.5
2753,-102
2754,5.5
2755,-198.5
2756,-131.5
2757,3.5
2758,-77
2759,-126.5
2760,53.5
2761,-53
2762,-38
2763,-14.5
2764,89.5
2765,-35
2766,98.5
2767,-40
2768,-134
2769,-107.5
2770,-100.5
2771,91.5
2772,-77
2773,-39
2774,25.5
2775,-340
2776,-78
2777,-57.5
2778,-69
2779,89.5
2780,-100.5
2781,-59
2782,-111
2783,-34.5
2784,-111
2785,-103
2786,206
2787,-29.5
2788,-102
2789,87.5
2790,-77
2791,-45.5
2792,50.5
2793,-127.5
2794,10.5
2795,-102.5
2796,230
2797,-117.5
2798,-69
2799,40.5
2800,-116
2801,61.5
2802,108.5
2803,-72.5
2804,-14
2805,-91.5
2806,39.5
2807,-82.5
2808,15
2809,181
2810,-96.5
2811,48.5
2812,-116
2813,-116
2814,-102
2815,-100.5
2816,-4
2817,-77
2818,221
2819,1
2820,-20
2821,46.5
2822,83.5
2823,-54.5
2824,-124
2825,-54.5
2826,-111
2827,104
2828,-77
2829,-92
2830,-209.5
2831,-53
2832,68
2833,60
2834,-35
2835,-91.5
2836,-57.5
2837,-13.5
2838,53.5
2839,-8.5
2840,-127.5
2841,-25
2842,35.5
2843,-58.5
2844,-49.5
2845,-252
2846,-83.5
2847,172.5
2848,148.5
2849,30
2850,-43.5
2851,-102
2852,4.5
2853,-116.5
2854,102
2855,-2
2856,-106.5
2857,-33
2858,69.5
2859,-92.5
2860,-39
2861,-57.5
2862,50
2863,221.5
2864,-78
2865,-100.5
2866,191.5
2867,-77
2868,224.5
2869,-60.5
2870,-144
2871,-33
2872,-15
2873,-83.5
2874,-128
2875,179.5
2876,-57.5
2877,162
2878,-1.5
2879,-126.5
2880,58
2881,-88
2882,-55.5
2883,97.5
2884,40
2885,-163
2886,35
2887,226
2888,-33
2889,-127.5
2890,-101
2891,-83.5
2892,-55
2893,-33
2894,34
2895,-101
2896,-93
2897,-111
2898,33
2899,98
2900,-91.5
2901,-97
2902,11
2903,89
2904,-105
2905,-311
2906,-39
2907,-112
2908,-39
2909,-39
2910,-111
2911,152
2912,-66.5
2913,-116
2914,-18.5
2915,20
2916,-116.5
2917,-112
2918,-116.5
2919,-102
2920,-77.5
2921,-113
2922,30.5
2923,-116
2924,-70
2925,-127.5
2926,158
2927,-107.5
2928,-98.5
2929,-33
2930,-213.5
2931,-33
2932,-82.5
2933,-113
2934,220.5
2935,-138.5
2936,-97.5
2937,-67.5
2938,-38
2939,221
2940,-93
2941,-83.5
2942,-102.5
2943,-23.5
2944,-23.5
2945,-116
2946,-29.5
2947,64.5
2948,-35.5
2949,-77
2950,-145
2951,-35
2952,-122
2953,-113.5
2954,66.5
2955,-100.5
2956,-35
2957,68
2958,93
2959,-55
2960,-196.5
2961,52.5
2962,210.5
2963,244.5
2964,107
2965,-143.5
2966,-55.5
2967,-35
2968,-70.5
2969,-8
2970,-90.5
2971,-46.5
2972,-122.5
2973,-84
2974,-58.5
2975,-77
2976,69
2977,-106.5
2978,52
2979,16
2980,-111
2981,-59
2982,-60.5
2983,-127.5
2984,-83.5
2985,-111
2986,95
2987,108.5
2988,20.5
2989,-121
2990,-74.5
2991,-78.5
2992,-53
2993,-129.5
2994,-116
2995,162
2996,-45
2997,-59
2998,-4
2999,-92.5
3000,-106.5
3001,-33
3002,-59
3003,-126.5
3004,100
3005,-210.5
3006,40.5
3007,-58.5
3008,-35.5
3009,-45
3010,-122
3011,201
3012,-109
3013,-42.5
3014,-87.5
3015,-100.5
3016,-5.5
3017,-77
3018,-34
3019,-34.5
3020,-95
3021,104
3022,-53
3023,-67.5
3024,-88
3025,-83.5
3026,-34.5
3027,35
3028,-53
3029,-112.5
3030,-111
3031,-43
3032,63.5
3033,-123
3034,-40.5
3035,-101
3036,-55
3037,-97.5
3038,5
3039,-71
3040,-39.5
3041,-97
3042,225
3043,-111
3044,-39.5
3045,-16
3046,-57.5
3047,-57.5
3048,-102
3049,-23.5
3050,-122.5
3051,60
3052,109
3053,-55
3054,-126.5
3055,-120
3056,-33
3057,-126.5
3058,-108
3059,153.5
3060,-241
3061,-102.5
3062,-77
3063,15.5
3064,84
3065,-188.5
3066,93.5
3067,103.5
3068,-63.5
3069,-77
3070,-199.5
3071,84.5
3072,101
3073,112
3074,-94
3075,-98.5
3076,-63
3077,-53
3078,-35
3079,19.5
3080,-127
3081,35
3082,-57.5
3083,-111
3084,105.5
3085,10
3086,45
3087,-41.5
3088,-33
3089,-59.5
3090,-191
3091,-95
3092,-54.5
3093,-29.5
3094,-113
3095,-111
3096,-39
3097,93
3098,-39.5
3099,10
3100,-117
3101,-78
3102,-97
3103,102
3104,197.5
3105,-111
3106,103.5
3107,29
3108,-132.5
3109,-40
3110,-78
3111,-58
3112,-38
3113,-103
3114,-58.5
3115,-80.5
3116,148
3117,-38.5
3118,31
3119,-116.5
3120,-100.5
3121,-75
3122,143
3123,93
3124,-57.5
3125,50
3126,-33
3127,-82.5
3128,58
3129,-92.5
3130,162
3131,58
3132,-78
3133,-116
3134,-57.5
3135,152
3136,-70.5
3137,56
3138,108
3139,17
3140,163
3141,-37
3142,-33.5
3143,-38.5
3144,50
3145,-166.5
3146,124
3147,99
3148,28
3149,-113
3150,-74
3151,78.5
3152,-38.5
3153,108.5
3154,-5.5
3155,-101
3156,-112
3157,-7.5
3158,4.5
3159,-54.5
3160,-112
3161,-102.5
3162,-98
3163,107.5
3164,-77
3165,-160.5
3166,-67.5
3167,-117.5
3168,165
3169,64
3170,-66.5
3171,-102.5
3172,-27
3173,-63.5
3174,-59
3175,-195.5
3176,57.5
3177,-60
3178,95
3179,-119.5
3180,3
3181,-134.5
3182,25.5
3183,-41
3184,-72.5
3185,-93
3186,102
3187,-49
3188,-36
3189,-55
3190,-116.5
3191,-44.5
3192,38
3193,-60
3194,54.5
3195,-47
3196,-20.5
3197,-102
3198,-38
3199,94
3200,109
3201,200
3202,-38.5
3203,-52
3204,-89.5
3205,-106.5
3206,82.5
3207,-45.5
3208,-84
3209,137.5
3210,-22.5
3211,-129
3212,-47
3213,231.5
3214,-116.5
3215,-122
3216,-97.5
3217,-97.5
3218,223.5
3219,-126.5
3220,-100.5
3221,-21
3222,63.5
3223,-57.5
3224,-58
3225,-239
3226,96
3227,-37.5
3228,79.5
3229,-107.5
3230,25.5
3231,-10.5
3232,9.5
3233,-33
3234,-45.5
3235,-159
3236,-51
3237,216
3238,57.5
3239,98
3240,-159.5
3241,-106.5
3242,86
3243,-57.5
3244,-55
3245,-22.5
3246,-98.5
3247,-38.5
3248,217
3249,-37
3250,-166
3251,-26.5
3252,205
3253,-126.5
3254,-111
3255,-2
3256,-98.5
3257,78
3258,-64.5
3259,-59.5
3260,137
3261,-79.5
3262,83.5
3263,-132
3264,101
3265,-78
3266,243
3267,-29.5
3268,-67
3269,-121
3270,-73.5
3271,103.5
3272,60
3273,-108.5
3274,50
3275,-133
3276,-38
3277,-94
3278,14
3279,97.5
3280,-100.5
3281,-47.5
3282,-38.5
3283,-56
3284,-4
3285,-116.5
3286,5
3287,-43
3288,23
3289,-45
3290,-15.5
3291,-2.5
3292,96.5
3293,75.5
3294,62
3295,-139
3296,96
3297,67.5
3298,126.5
3299,-72.5
3300,-265
3301,-20
3302,-67
3303,-98.5
3304,96.5
3305,-100.5
3306,98.5
3307,84
3308,-66.5
3309,-101
3310,-116.5
3311,-43
3312,18
3313,-65.5
3314,66
3315,-149.5
3316,233.5
3317,-80.5
3318,21.5
3319,-116
3320,-48.5
3321,-30
3322,-80.5
3323,-103
3324,126.5
3325,-111
3326,48
3327,-111
3328,-51
3329,211.5
3330,-82
3331,51
3332,-56
3333,77
3334,35
3335,-27.5
3336,150
3337,-28.5
3338,-58
3339,-99.5
3340,-96
3341,-58
3342,-48.5
3343,-5
3344,-66.5
3345,-57.5
3346,122
3347,-10.5
3348,98.5
3349,61.5
3350,-82
3351,-97.5
3352,114
3353,60
3354,186
3355,1004
3356,-103
3357,-40
3358,-40.5
3359,-43.5
3360,-101
3361,76.5
3362,-84
3363,155.5
3364,-1.5
3365,-91.5
3366,-59.5
3367,69
3368,-30.5
3369,-116.5
3370,38.5
3371,-133
3372,98.5
3373,194.5
3374,14.5
3375,-176.5
3376,-39
3377,-22.5
3378,84
3379,10.5
3380,19
3381,-28.5
3382,23.5
3383,103
3384,-58
3385,-64
3386,-123.5
3387,84
3388,-36
3389,89
3390,-111
3391,-93
3392,224.5
3393,42.5
3394,-48
3395,-116
3396,-55.5
3397,-58
3398,-131.5
3399,-39.5
3400,-62.5
3401,-57.5
3402,9.5
3403,-77
3404,-102
3405,92
3406,99.5
3407,-43
3408,136.5
3409,-64.5
3410,12.5
3411,-4
3412,-15
3413,76
3414,171
3415,-146
3416,-77
3417,-43.5
3418,83.5
3419,-106.5
3420,-144
3421,-54.5
3422,-58.5
3423,-23.5
3424,300
3425,-68.5
3426,-26
3427,53.5
3428,-67.5
3429,33.5
3430,-33
3431,-15.5
3432,184.5
3433,81
3434,204.5
3435,-100.5
3436,-23.5
3437,-66
3438,27.5
3439,25
3440,-123
3441,-37
3442,53.5
3443,143.5
3444,228.5
3445,29
3446,-67.5
3447,-48
3448,63.5
3449,195
3450,-96
3451,28.5
3452,-65.5
3453,88
3454,32.5
3455,-66
3456,-102
3457,99
3458,-59.5
3459,-118.5
3460,126.5
3461,197
3462,-88
3463,-33
3464,145.5
3465,-81.5
3466,-29.5
3467,-58.5
3468,-24
3469,-77
3470,-111
3471,117.5
3472,23.5
3473,-9.5
3474,58
3475,54
3476,-127.5
3477,52
3478,87.5
3479,107
3480,-142.5
3481,-116
3482,-16.5
3483,-116
3484,-26
3485,-100.5
3486,-62.5
3487,-132
3488,0
3489,20.5
3490,-112
3491,-78
3492,-54.5
3493,76
3494,-131.5
3495,-113
3496,108.5
3497,-30.5
3498,182
3499,53
3500,-320
3501,29
3502,64
3503,-103
3504,-45
3505,60.5
3506,-38.5
3507,-57
3508,-16.5
3509,-68
3510,-85
3511,-92.5
3512,-13.5
3513,-40.5
3514,-112.5
3515,-60
3516,162
3517,19
3518,-44
3519,-117
3520,-98.5
3521,-64.5
3522,-38.5
3523,-72.5
3524,-9.5
3525,-91.5
3526,-68
3527,204.5
3528,216
3529,-113
3530,-20.5
3531,-127.5
3532,-127.5
3533,-37
3534,9.5
3535,-90.5
3536,100.5
3537,-62.5
3538,-48
3539,-77
3540,1004
3541,20
3542,-1.5
3543,-88
3544,105.5
3545,11
3546,101
3547,101
3548,-26
3549,-59
3550,-100.5
3551,-77
3552,101
3553,-35
3554,-54.5
3555,-96
3556,38.5
3557,-5
3558,-35.5
3559,66
3560,-39
3561,-40.5
3562,-111
3563,-35.5
3564,27.5
3565,-123
3566,-98.5
3567,99
3568,14
3569,-69
3570,-77
3571,-15.5
3572,-118.5
3573,-59.5
3574,4.5
3575,-53.5
3576,65.5
3577,-116
3578,72.5
3579,-40
3580,-116.5
3581,-34
3582,101
3583,-68
3584,-62.5
3585,-47.5
3586,-87.5
3587,-62.5
3588,78.5
3589,22
3590,37
3591,12.5
3592,-89
3593,-127.5
3594,-39.5
3595,-112
3596,87.5
3597,66
3598,-73
3599,-111
3600,91
3601,0.5
3602,-77
3603,-92.5
3604,-25
3605,47.5
3606,94.5
3607,-113
3608,9
3609,-19
3610,-138
3611,58.5
3612,-44.5
3613,-83
3614,5
3615,-100.5
3616,66.5
3617,89
3618,74.5
3619,94.5
3620,-88.5
3621,-62.5
3622,-15
3623,22.5
3624,10
3625,109
3626,199
3627,-54
3628,61.5
3629,0.5
3630,-97
3631,-2.5
3632,9
3633,196
3634,-25
3635,-35
3636,-63.5
3637,66.5
3638,-41
3639,18.5
3640,-163.5
3641,94.5
3642,24
3643,53.5
3644,-22.5
3645,-100.5
3646,236
3647,97.5
3648,106
3649,-9.5
3650,-86.5
3651,208
3652,-41
3653,66.5
3654,81.5
3655,-114
3656,166.5
3657,97
3658,94.5
3659,-77
3660,-100.5
3661,-49
3662,96.5
3663,-78.5
3664,95.5
3665,-101
3666,53.5
3667,69.5
3668,72
3669,76.5
3670,-89
3671,77
3672,97.5
3673,53
3674,-63.5
3675,-100.5
3676,-35
3677,52
3678,-57.5
3679,32.5
3680,-100.5
3681,-5.5
3682,77.5
3683,-109
3684,-39.5
3685,45
3686,-127.5
3687,-77
3688,-116
3689,-36
3690,-206
3691,-62.5
3692,105.5
3693,30.5
3694,55.5
3695,-100.5
3696,137
3697,-73.5
3698,14.5
3699,80.5
3700,-98.5
3701,96
3702,10
3703,-14
3704,-69
3705,-77
3706,5
3707,9
3708,92
3709,98
3710,-111
3711,-17
3712,-59.5
3713,161.5
3714,23.5
3715,-68.5
3716,89.5
3717,4
3718,-62.5
3719,-45
3720,-100.5
3721,90.5
3722,-0.5
3723,-34.5
3724,-59.5
3725,-96
3726,66.5
3727,58.5
3728,101.5
3729,9
3730,-102
3731,-11.5
3732,111
3733,18.5
3734,-95.5
3735,-23
3736,75.5
3737,91
3738,95.5
3739,-19.5
3740,998.5
3741,-58.5
3742,-78.5
3743,52
3744,-34
3745,-100.5
3746,-9.5
3747,-116
3748,-16
3749,28
3750,-80.5
3751,43.5
3752,32
3753,81.5
3754,90
3755,-116.5
3756,-58.5
3757,76.5
3758,-34.5
3759,-126.5
3760,-101
3761,-33.5
3762,-59
3763,95.5
3764,98
3765,-96
3766,-45
3767,-77
3768,183
3769,-92.5
3770,-77
3771,-43.5
3772,48.5
3773,-77
3774,-38
3775,30.5
3776,-77
3777,15
3778,-44
3779,28.5
3780,-77
3781,-77
3782,90.5
3783,-10.5
3784,-61.5
3785,-81.5
3786,-28.5
3787,-53
3788,-102
3789,-17
3790,102
3791,41
3792,-99.5
3793,149
3794,19
3795,-100.5
3796,-98
3797,101.5
3798,-63
3799,82
3800,-116.5
3801,-94
3802,-43
3803,9
3804,28
3805,-106.5
3806,-67.5
3807,-77
3808,-16.5
3809,67
3810,-100.5
3811,81.5
3812,-60
3813,-7
3814,-54.5
3815,-33
3816,46
3817,-62.5
3818,32.5
3819,102
3820,-106.5
3821,33
3822,57.5
3823,-20.5
3824,-54.5
3825,-227.5
3826,-72.5
3827,118
3828,-5
3829,7.5
3830,-82
3831,-20
3832,-82.5
3833,-112
3834,-73
3835,-13
3836,-4.5
3837,-54.5
3838,80.5
3839,108.5
3840,-116
3841,-116.5
3842,-69.5
3843,-131.5
3844,-16.5
3845,-10
3846,-45
3847,76
3848,133
3849,-59
3850,-122
3851,-15
3852,96.5
3853,61.5
3854,96.5
3855,-100.5
3856,-45.5
3857,-44
3858,-72.5
3859,-24
3860,120.5
3861,-92.5
3862,143.5
3863,-29.5
3864,-53
3865,-131.5
3866,76
3867,68
3868,-33.5
3869,-111
3870,-78
3871,-64
3872,65.5
3873,-94
3874,59.5
3875,-63.5
3876,66.5
3877,81.5
3878,-92.5
3879,-19.5
3880,-113
3881,-92.5
3882,57.5
3883,95.5
3884,92
3885,-111
3886,65
3887,-123
3888,-10.5
3889,-59.5
3890,-125
3891,122.5
3892,-55.5
3893,33
3894,-88
3895,-119.5
3896,-77
3897,19.5
3898,-77
3899,-111
3900,-88
3901,61.5
3902,66.5
3903,29.5
3904,-55
3905,-100.5
3906,89.5
3907,-57.5
3908,-10
3909,57
3910,-100.5
3911,-58.5
3912,-9.5
3913,-62.5
3914,-113.5
3915,-100.5
3916,82.5
3917,-102
3918,-131.5
3919,76
3920,-91.5
3921,110
3922,-44.5
3923,-62.5
3924,29
3925,-100.5
3926,118
3927,73
3928,95.5
3929,-28.5
3930,-77.5
3931,66.5
3932,80.5
3933,-34.5
3934,33
3935,-96
3936,-102
3937,60
3938,33
3939,0.5
3940,-121.5
3941,62
3942,76
3943,-87.5
3944,-76.5
3945,-127
3946,-77
3947,-62.5
3948,-44.5
3949,-68
3950,-82.5
3951,-40
3952,-50
3953,-102
3954,147
3955,-87
3956,-48
3957,101
3958,96.5
3959,42
3960,-111
3961,-77
3962,-77
3963,-50.5
3964,-53
3965,-196.5
3966,67.5
3967,29.5
3968,-88
3969,-21
3970,147.5
3971,-62.5
3972,2.5
3973,4
3974,-116.5
3975,-122
3976,-92
3977,95
3978,94.5
3979,-77
3980,-100.5
3981,90.5
3982,-62.5
3983,32.5
3984,71
3985,-111.5
3986,57
3987,90
3988,81
3989,31
3990,-98.5
3991,27
3992,-34.5
3993,-88
3994,-33.5
3995,-25
3996,-33.5
3997,87.5
3998,33
3999,-40
4000,91
4001,90
4002,-77
4003,-28
4004,-62.5
4005,-96
4006,-24.5
4007,76
4008,-58
4009,-111
4010,-198.5
4011,63
4012,-77
4013,-134
4014,-1
4015,-138.5
4016,77.5
4017,-19
4018,-0.5
4019,31.5
4020,-143
4021,-77
4022,-112
4023,131
4024,-111
4025,1001.5
4026,92
4027,82.5
4028,60.5
4029,-55
4030,-96
4031,-59
4032,-58
4033,-9.5
4034,-78
4035,-53.5
4036,23.5
4037,-60
4038,96.5
4039,-38.5
4040,-77
4041,5
4042,53.5
4043,-50.5
4044,32
4045,-96.5
4046,75.5
4047,22.5
4048,23.5
4049,-88
4050,-120
4051,-116
4052,-35
4053,92
4054,146.5
4055,-24.5
4056,28.5
4057,-62.5
4058,-54.5
4059,-77
4060,-120
4061,-48
4062,95.5
4063,17.5
4064,-62.5
4065,-74
4066,-38.5
4067,-128.5
4068,-58
4069,19.5
4070,30.5
4071,105
4072,74.5
4073,95.5
4074,-62.5
4075,-92
4076,-58.5
4077,-97
4078,88
4079,-43
4080,42
4081,85.5
4082,-39.5
4083,-44.5
4084,-98
4085,-116
4086,62.5
4087,100.5
4088,-58
4089,81.5
4090,-118.5
4091,-62.5
4092,53.5
4093,33.5
4094,29
4095,-116
4096,27.5
4097,161.5
4098,88
4099,94
4100,-96
4101,-127.5
4102,-116.5
4103,8
4104,67
4105,-121.5
4106,79.5
4107,58.5
4108,53.5
4109,56
4110,-122
4111,-77
4112,-10
4113,-48
4114,-62.5
4115,-67
4116,48.5
4117,102
4118,-111
4119,-44
4120,39
4121,-45.5
4122,7.5
4123,-21.5
4124,33.5
4125,-97
4126,-18.5
4127,-30
4128,91
4129,-45.5
4130,-186.5
4131,-59
4132,96
4133,81.5
4134,-62.5
4135,-163
4136,131.5
4137,75
4138,-62.5
4139,-77
4140,-82.5
4141,176
4142,-0.5
4143,-59
4144,63
4145,-112
4146,58.5
4147,-35
4148,58
4149,-34.5
4150,-127
4151,-34.5
4152,78.5
4153,-88
4154,23.5
4155,-100.5
4156,-54
4157,32.5
4158,90
4159,34
4160,-24
4161,89
4162,89.5
4163,-72.5
4164,96.5
4165,85
4166,80
4167,-44.5
4168,90.5
4169,105
4170,-179
4171,-44.5
4172,105.5
4173,-53.5
4174,-44.5
4175,-101
4176,-44.5
4177,20.5
4178,-15.5
4179,-20
4180,-48.5
4181,81.5
4182,-25
4183,58.5
4184,-54.5
4185,-101
4186,-20.5
4187,127.5
4188,-59
4189,95.5
4190,-126.5
4191,-34
4192,65
4193,-77
4194,29.5
4195,-114.5
4196,31.5
4197,60.5
4198,-42
4199,-40.5
4200,18
4201,90
4202,66
4203,90.5
4204,86.5
4205,-116
4206,-59.5
4207,106
4208,-116
4209,-40
4210,-117
4211,-45.5
4212,-77
4213,14.5
4214,-9.5
4215,-107
4216,-72.5
4217,58
4218,109
4219,91
4220,-100.5
4221,53.5
4222,-93
4223,99
4224,80.5
4225,-89
4226,63.5
4227,79.5
4228,-102
4229,27
4230,108.5
4231,86.5
4232,66.5
4233,-49
4234,17
4235,-106
4236,28
4237,-59
4238,-126.5
4239,28.5
4240,-81.5
4241,64.5
4242,-102
4243,89.5
4244,86
4245,11.5
4246,-92
4247,-62.5
4248,13.5
4249,81.5
4250,-15.5
4251,91.5
4252,-22
4253,-24
4254,-116
4255,-67.5
4256,96
4257,100.5
4258,-34.5
4259,93
4260,-98.5
4261,-48
4262,-55.5
4263,95
4264,-33.5
4265,-252
4266,100.5
4267,-62.5
4268,-19.5
4269,-63
4270,79
4271,94
4272,32.5
4273,32.5
4274,66.5
4275,-62
4276,89
4277,116
4278,90
4279,-62.5
4280,-123
4281,-102
4282,91.5
4283,-14.5
4284,-77
4285,-127
4286,-48
4287,-67.5
4288,-97
4289,124
4290,-111
4291,-77
4292,37
4293,98
4294,-54
4295,-9
4296,87.5
4297,-40
4298,43
4299,14
4300,-77.5
4301,88.5
4302,-20
4303,-88.5
4304,88.5
4305,-81.5
4306,65.5
4307,26.5
4308,88.5
4309,102
4310,-116
4311,-33.5
4312,-62.5
4313,-63.5
4314,-116
4315,-101
4316,24.5
4317,88.5
4318,-102.5
4319,94
4320,-108.5
4321,-12.5
4322,-131.5
4323,37.5
4324,-77
4325,1030.5
4326,17.5
4327,-54
4328,-102
4329,-9.5
4330,-133
4331,88
4332,-62.5
4333,-15.5
4334,94.5
4335,-143.5
4336,93.5
4337,65.5
4338,52.5
4339,31.5
4340,151
4341,87.5
4342,-17.5
4343,97
4344,-22
4345,-100.5
4346,105
4347,81.5
4348,-77
4349,22.5
4350,-102
4351,142.5
4352,98.5
4353,31
4354,-62.5
4355,-83
4356,89.5
4357,49.5
4358,95.5
4359,-41.5
4360,-96
4361,131
4362,141
4363,-77
4364,76
4365,-81
4366,98
4367,28.5
4368,84.5
4369,-20.5
4370,-43
4371,-106.5
4372,64
4373,-48
4374,-116
4375,-100.5
4376,88.5
4377,88
4378,-43
4379,88.5
4380,-153.5
4381,97.5
4382,-22
4383,-15
4384,92.5
4385,-73
4386,-55.5
4387,15
4388,-53
4389,29.5
4390,-136
4391,94.5
4392,-25
4393,82
4394,-5
4395,-96.5
4396,31.5
4397,-54
4398,-68.5
4399,32
4400,88.5
4401,104
4402,-53
4403,90
4404,27.5
4405,-158
4406,89
4407,-97.5
4408,100.5
4409,-30
4410,-83
4411,-19
4412,-29.5
4413,89
4414,-77
4415,13
4416,-43.5
4417,91.5
4418,87.5
4419,23.5
4420,-100.5
4421,-25
4422,53
4423,-48
4424,28.5
4425,-91.5
4426,39
4427,-78.5
4428,-41.5
4429,89.5
4430,-116
4431,76
4432,-71.5
4433,32
4434,-10
4435,-100.5
4436,93.5
4437,18
4438,4
4439,-60.5
4440,-92
4441,-25
4442,-68.5
4443,-62.5
4444,65
4445,-116.5
4446,-87.5
4447,-88.5
4448,8
4449,-54
4450,34.5
4451,91.5
4452,106
4453,-63
4454,90
4455,-96
4456,-89
4457,-53
4458,-63.5
4459,-77
4460,-56.5
4461,-92.5
4462,105.5
4463,9.5
4464,-59
4465,-100.5
4466,34
4467,-48
4468,-54.5
4469,-112
4470,-100.5
4471,52.5
4472,-62.5
4473,-62.5
4474,-4.5
4475,-116.5
4476,48.5
4477,82.5
4478,-33.5
4479,48.5
4480,-77
4481,-34.5
4482,-53.5
4483,-113
4484,32.5
4485,-123.5
4486,104.5
4487,60
4488,-116.5
4489,-77
4490,-72.5
4491,65
4492,88.5
4493,-49
4494,4.5
4495,-116.5
4496,-14.5
4497,91
4498,96
4499,28.5
4500,59
4501,32
4502,-46.5
4503,-16.5
4504,-102
4505,-79
4506,-4.5
4507,-77
4508,106
4509,-87.5
4510,-40
4511,96
4512,103.5
4513,-10
4514,92
4515,185.5
4516,-53
4517,-62.5
4518,79.5
4519,-54.5
4520,-100.5
4521,65
4522,-102
4523,78.5
4524,-64
4525,-77
4526,-73.5
4527,78
4528,96
4529,-15
4530,-122
4531,48
4532,-20.5
4533,-39
4534,28
4535,-118.5
4536,123
4537,-49
4538,29
4539,90
4540,-112
4541,89.5
4542,-41
4543,-53
4544,97.5
4545,-100.5
4546,-111
4547,-62.5
4548,97
4549,-21
4550,-37.5
4551,-33.5
4552,80.5
4553,60
4554,41
4555,-100.5
4556,130.5
4557,-49
4558,19
4559,-16.5
4560,-100.5
4561,-77
4562,89.5
4563,79.5
4564,-53.5
4565,-96
4566,-58.5
4567,89
4568,70
4569,-39
4570,-91.5
4571,91
4572,-1
4573,-36.5
4574,-57.5
4575,-82.5
4576,88
4577,91
4578,63.5
4579,77
4580,-138.5
4581,80
4582,44.5
4583,81
4584,91
4585,-111
4586,-39.5
4587,59.5
4588,79
4589,77.5
4590,-122
4591,58
4592,30.5
4593,135.5
4594,135.5
4595,-111.5
4596,94.5
4597,69
4598,95
4599,57.5
4600,13
4601,104
4602,-83.5
4603,94
4604,64
4605,-111
4606,93.5
4607,63.5
4608,-62.5
4609,-53
4610,-111
4611,91
4612,92
4613,88.5
4614,-77
4615,-14.5
4616,29.5
4617,-1
4618,-54.5
4619,-19
4620,-153
4621,96
4622,57
4623,29
4624,-69
4625,-100.5
4626,88
4627,-10.5
4628,77.5
4629,-77
4630,-116.5
4631,88.5
4632,-19.5
4633,97.5
4634,-111
4635,149
4636,-83.5
4637,-116.5
4638,99
4639,79.5
4640,37.5
4641,45.5
4642,13
4643,-44.5
4644,88
4645,19
4646,-77
4647,32.5
4648,-77
4649,-11.5
4650,-132.5
4651,64.5
4652,89
4653,86
4654,27.5
4655,-93
4656,-11
4657,-59
4658,65
4659,-24
4660,-131.5
4661,-77
4662,77.5
4663,53
4664,65
4665,172.5
4666,95
4667,96
4668,-77
4669,14
4670,-176.5
4671,56.5
4672,8.5
4673,-23.5
4674,31.5
4675,40.5
4676,56
4677,77.5
4678,88.5
4679,-26
4680,74.5
4681,-35.5
4682,94.5
4683,-33.5
4684,-15
4685,-127.5
4686,-84
4687,61.5
4688,88
4689,-69
4690,-81.5
4691,-39
4692,-34.5
4693,-63
4694,-77
4695,-101
4696,55.5
4697,-11.5
4698,96.5
4699,28
4700,-148.5
4701,79
4702,89.5
4703,85
4704,-98.5
4705,-117
4706,-10
4707,87.5
4708,-73.5
4709,146.5
4710,-87.5
4711,-26.5
4712,-77
4713,99.5
4714,64
4715,-106.5
4716,18.5
4717,64.5
4718,92
4719,64.5
4720,-72.5
4721,-40
4722,85
4723,-55
4724,85
4725,-100.5
4726,-17
4727,7.5
4728,92.5
4729,82.5
4730,-78.5
4731,141.5
4732,-64.5
4733,-1
4734,79.5
4735,-59
4736,-16.5
4737,-63
4738,7.5
4739,-16.5
4740,-112
4741,-122
4742,-111
4743,-10.5
4744,32
4745,-127.5
4746,85
4747,-59
4748,88.5
4749,-111
4750,-72.5
4751,94.5
4752,26.5
4753,-20.5
4754,-57
4755,-81.5
4756,42.5
4757,-116.5
4758,92.5
4759,78.5
4760,-100.5
4761,64
4762,46
4763,-122
4764,-35.5
4765,-54
4766,79
4767,-83
4768,8.5
4769,-78.5
4770,-116.5
4771,78
4772,-20
4773,-93
4774,20
4775,-100.5
4776,89
4777,-122
4778,87.5
4779,87.5
4780,-127
4781,-73.5
4782,-122
4783,91
4784,84
4785,-112
4786,-97
4787,86.5
4788,79
4789,18
4790,-116.5
4791,-28.5
4792,-77
4793,80.5
4794,87
4795,-133
4796,-73.5
4797,21.5
4798,-92.5
4799,64
4800,89
4801,25
4802,86.5
4803,73
4804,-116
4805,-2
4806,147
4807,-49.5
4808,-18
4809,-54.5
4810,-101
4811,-49.5
4812,20.5
4813,87.5
4814,63.5
4815,20.5
4816,92
4817,86.5
4818,77.5
4819,-37
4820,-111
4821,85
4822,-64
4823,94.5
4824,-25.5
4825,-155
4826,93.5
4827,-68.5
4828,16.5
4829,86
4830,-127.5
4831,89.5
4832,24
4833,76.5
4834,92
4835,-62
4836,86.5
4837,-3
4838,86
4839,-102
4840,-100.5
4841,40
4842,90.5
4843,63.5
4844,76.5
4845,-82.5
4846,91.5
4847,28.5
4848,133.5
4849,12
4850,-124
4851,89
4852,64
4853,199.5
4854,-73.5
4855,-116.5
4856,86
4857,-8
4858,90.5
4859,89
4860,-160.5
4861,-31
4862,77.5
4863,77
4864,86
4865,-211
4866,-30.5
4867,77
4868,-27
4869,86.5
4870,-190
4871,35
4872,30
4873,-54.5
4874,39.5
4875,-81.5
4876,-59.5
4877,64
4878,83.5
4879,-21
4880,-159
4881,-108
4882,102.5
4883,90.5
4884,98.5
4885,-96
4886,-111
4887,45.5
4888,86.5
4889,11
4890,-77
4891,59
4892,36.5
4893,77.5
4894,-3
4895,-96
4896,92.5
4897,26.5
4898,137
4899,32
4900,-100.5
4901,86
4902,88.5
4903,54.5
4904,118
4905,26
4906,83.5
4907,31.5
4908,32
4909,-54.5
4910,-127.5
4911,64
4912,64
4913,-68.5
4914,-68.5
4915,-26.5
4916,93.5
4917,27.5
4918,84
4919,63.5
4920,25
4921,52.5
4922,-90
4923,16.5
4924,85
4925,-31.5
4926,83
4927,100.5
4928,74
4929,202
4930,128
4931,86
4932,63.5
4933,82
4934,76
4935,-62.5
4936,63.5
4937,-74
4938,-30
4939,92
4940,-111
4941,-2.5
4942,94
4943,121.5
4944,-60.5
4945,-52
4946,-40.5
4947,59.5
4948,-15.5
4949,17
4950,-111
4951,83.5
4952,5
4953,91
4954,62.5
4955,-101
4956,-111
4957,-74
4958,47.5
4959,88
4960,-48.5
4961,21
4962,145.5
4963,21
4964,47
4965,-112
4966,-18
4967,91.5
4968,90
4969,77
4970,-111
4971,94
4972,89
4973,-64
4974,-25
4975,-115.5
4976,-12
4977,-44.5
4978,-47
4979,32.5
4980,-77
4981,7
4982,-34.5
4983,-78
4984,90.5
4985,-13
4986,72
4987,104
4988,97
4989,36.5
4990,-215.5
4991,49.5
4992,-80
4993,85
4994,114.5
4995,-127.5
4996,83
4997,84
4998,93.5
4999,85.5
5000,8.5
5001,92.5
5002,83.5
5003,-28.5
5004,-111
5005,-92
5006,82.5
5007,87
5008,-111
5009,66.5
5010,-116
5011,86
5012,-74
5013,86.5
5014,-37
5015,-71.5
5016,-116.5
5017,55
5018,-97
5019,-54.5
5020,-123
5021,51.5
5022,-18.5
5023,-87.5
5024,-19.5
5025,-122
5026,-6
5027,205
5028,86.5
5029,65.5
5030,-128.5
5031,98.5
5032,110
5033,108.5
5034,-116.5
5035,-96.5
5036,57.5
5037,97
5038,96
5039,74.5
5040,-68.5
5041,85
5042,-116.5
5043,-116.5
5044,49
5045,-52
5046,-53.5
5047,48.5
5048,-22.5
5049,67
5050,-74
5051,65.5
5052,23
5053,107.5
5054,74
5055,-28
5056,-116.5
5057,-116.5
5058,2
5059,110.5
5060,-70.5
5061,60.5
5062,-55.5
5063,35.5
5064,-24.5
5065,-87.5
5066,88
5067,79
5068,-116.5
5069,54
5070,-14
5071,83
5072,102
5073,-9.5
5074,74.5
5075,-29
5076,-68.5
5077,-17.5
5078,122.5
5079,87
5080,-133
5081,-97
5082,-22.5
5083,220
5084,-4.5
5085,46.5
5086,112
5087,82
5088,64.5
5089,94
5090,-101
5091,-111
5092,-116.5
5093,279.5
5094,80
5095,-111
5096,127.5
5097,158
5098,122.5
5099,57.5
5100,-29
5101,35.5
5102,84.5
5103,109
5104,52.5
5105,1317
5106,208.5
5107,-93
5108,-122
5109,-122
5110,-106.5
5111,72.5
5112,84.5
5113,22
5114,60
5115,-69.5
5116,-107.5
5117,-45.5
5118,87.5
5119,50.5
5120,52
5121,117.5
5122,-25
5123,-42
5124,-93
5125,-100.5
5126,107
5127,87
5128,18
5129,60.5
5130,-81.5
5131,67
5132,73
5133,70.5
5134,28
5135,-83
5136,-83.5
5137,-27
5138,-112
5139,110
5140,-117.5
5141,80
5142,-20
5143,-116.5
5144,84.5
5145,-263
5146,-79
5147,-18
5148,45
5149,-116.5
5150,-21
5151,82
5152,-88.5
5153,-94.5
5154,88.5
5155,-98
5156,58
5157,-116.5
5158,67.5
5159,57.5
5160,-100.5
5161,71.5
5162,-116.5
5163,-122
5164,-116.5
5165,-129.5
5166,105
5167,-94
5168,90.5
5169,65.5
5170,-81.5
5171,-93
5172,52.5
5173,78
5174,-20.5
5175,-102
5176,-9.5
5177,-74
5178,71.5
5179,-116.5
5180,-101
5181,23.5
5182,79.5
5183,50.5
5184,91
5185,-119.5
5186,-116.5
5187,-83.5
5188,61.5
5189,-112
5190,-78.5
5191,82.5
5192,41.5
5193,-64.5
5194,80.5
5195,24
5196,-116.5
5197,-77
5198,-107.5
5199,165.5
5200,-116.5
5201,-116.5
5202,14
5203,-18
5204,-58.5
5205,264.5
5206,-111
5207,85
5208,-112
5209,-116.5
5210,-69.5
5211,248.5
5212,232.5
5213,-102.5
5214,26.5
5215,-195.5
5216,6
5217,76
5218,-107.5
5219,91.5
5220,190
5221,50.5
5222,-60
5223,-87.5
5224,116
5225,-217
5226,-79
5227,82.5
5228,-92.5
5229,93.5
5230,44
5231,-44.5
5232,89
5233,124.5
5234,75
5235,-100.5
5236,-116.5
5237,62.5
5238,84.5
5239,130.5
5240,-107.5
5241,-102.5
5242,-133
5243,-116.5
5244,52.5
5245,-88.5
5246,92.5
5247,-80.5
5248,155
5249,-116.5
5250,18
5251,13
5252,-65
5253,45.5
5254,-122
5255,-101
5256,91.5
5257,53
5258,67
5259,-9
5260,-116.5
5261,25
5262,67.5
5263,-83.5
5264,-27.5
5265,29
5266,16.5
5267,-133
5268,-33.5
5269,25.5
5270,-96
5271,82
5272,86
5273,65.5
5274,70
5275,-117.5
5276,-50.5
5277,-32.5
5278,-65
5279,-70.5
5280,-81.5
5281,51
5282,-79
5283,-8.5
5284,68
5285,-254
5286,65.5
5287,-102.5
5288,-116.5
5289,54
5290,-297
5291,-122
5292,82
5293,56.5
5294,-51
5295,-143
5296,-122
5297,4.5
5298,27
5299,-127.5
5300,-171.5
5301,88
5302,28
5303,88
5304,46
5305,0.5
5306,-107.5
5307,-75.5
5308,-83.5
5309,87.5
5310,-42.5
5311,-111
5312,-56
5313,32.5
5314,-6
5315,-101
5316,67.5
5317,-116.5
5318,203.5
5319,117.5
5320,205.5
5321,-79.5
5322,-102.5
5323,114.5
5324,118.5
5325,-138.5
5326,-4.5
5327,-55.5
5328,-116.5
5329,-56.5
5330,-138.5
5331,36
5332,-74
5333,-111
5334,80.5
5335,-133
5336,5
5337,-116.5
5338,-0.5
5339,-116.5
5340,1452
5341,60
5342,23
5343,-41
5344,14.5
5345,-144
5346,86
5347,147.5
5348,19
5349,198.5
5350,-144
5351,84
5352,-111
5353,60
5354,128.5
5355,-111
5356,-116.5
5357,-75
5358,75
5359,206
5360,-72.5
5361,259
5362,25.5
5363,29
5364,-4
5365,-96.5
5366,57.5
5367,-63
5368,-93
5369,-107.5
5370,-18.5
5371,-112
5372,-102.5
5373,165
5374,-2
5375,-116.5
5376,53
5377,88
5378,47.5
5379,119.5
5380,-112
5381,-116.5
5382,80.5
5383,-98
5384,-65
5385,-94
5386,73.5
5387,84
5388,79
5389,-116.5
5390,-85.5
5391,-106.5
5392,67
5393,15.5
5394,-51.5
5395,43.5
5396,-116.5
5397,21.5
5398,52
5399,52.5
5400,-6.5
5401,-93
5402,114.5
5403,-36
5404,-37.5
5405,-101
5406,28
5407,39.5
5408,-116.5
5409,-116.5
5410,1013
5411,120.5
5412,72
5413,-116.5
5414,-114.5
5415,93.5
5416,53
5417,61.5
5418,-79
5419,-18
5420,-103
5421,-122
5422,-127
5423,-90.5
5424,-83.5
5425,-111
5426,-102.5
5427,240.5
5428,84
5429,-24.5
5430,-111
5431,88
5432,84
5433,-1
5434,-102.5
5435,-122
5436,-116.5
5437,-133
5438,-88.5
5439,-133
5440,1303.5
5441,100.5
5442,-116.5
5443,-27
5444,203
5445,-122
5446,-116.5
5447,-83.5
5448,209.5
5449,21.5
5450,-122
5451,-116
5452,-25
5453,95.5
5454,61
5455,-60
5456,-42
5457,39.5
5458,8
5459,58
5460,-100.5
5461,-74.5
5462,-79
5463,105.5
5464,-107.5
5465,-75
5466,91.5
5467,63.5
5468,73
5469,-122
5470,-100.5
5471,-34.5
5472,-50.5
5473,90
5474,87
5475,-310
5476,88.5
5477,-112
5478,75.5
5479,-111
5480,-96.5
5481,-55.5
5482,-102.5
5483,96
5484,47.5
5485,-42.5
5486,-3.5
5487,6.5
5488,124.5
5489,194
5490,-199
5491,-112
5492,-102.5
5493,35
5494,-111
5495,-73.5
5496,-112
5497,58
5498,129
5499,-111
5500,-79
5501,51
5502,-64
5503,90
5504,52.5
5505,-101
5506,72.5
5507,86
5508,-122
5509,-116.5
5510,-100.5
5511,88.5
5512,-23
5513,-116.5
5514,59
5515,18
5516,-122
5517,-116.5
5518,-116.5
5519,105.5
5520,-135
5521,61.5
5522,63.5
5523,136
5524,62
5525,-112
5526,54
5527,-116.5
5528,73
5529,-132
5530,63.5
5531,75.5
5532,87
5533,-73.5
5534,39.5
5535,-122
5536,197.5
5537,55
5538,-116
5539,68.5
5540,-127.5
5541,258.5
5542,16
5543,-122
5544,192
5545,218
5546,61
5547,-122
5548,154.5
5549,87
5550,-152.5
5551,75.5
5552,-111
5553,103
5554,-116.5
5555,15
5556,61
5557,85.5
5558,59.5
5559,-4
5560,-111
5561,89.5
5562,-116.5
5563,-112
5564,49
5565,-100.5
5566,84.5
5567,-98.5
5568,67
5569,244
5570,-271
5571,-83.5
5572,-116.5
5573,81
5574,75
5575,-111
5576,61.5
5577,86
5578,135
5579,72.5
5580,-116.5
5581,-0.5
5582,-83.5
5583,84
5584,62.5
5585,-34.5
5586,42
5587,-111
5588,56.5
5589,24
5590,-57
5591,88.5
5592,-116.5
5593,74
5594,112.5
5595,81.5
5596,-69.5
5597,88
5598,-46.5
5599,-41.5
5600,-24
5601,-111
5602,86.5
5603,-116.5
5604,-102.5
5605,-116.5
5606,53.5
5607,176.5
5608,-45.5
5609,-116.5
5610,-226.5
5611,1
5612,-88
5613,97.5
5614,80
5615,14
5616,58.5
5617,62.5
5618,53.5
5619,53.5
5620,-213
5621,244
5622,-69
5623,54
5624,88
5625,-127.5
5626,-116.5
5627,98.5
5628,-102.5
5629,61.5
5630,-53
5631,75.5
5632,-116.5
5633,-8
5634,222.5
5635,-107.5
5636,54
5637,54
5638,-122
5639,161
5640,-94
5641,-44
5642,54
5643,87.5
5644,199.5
5645,43
5646,24.5
5647,58.5
5648,-64
5649,92
5650,-116.5
5651,54
5652,54
5653,94.5
5654,87
5655,-112
5656,-68.5
5657,-44
5658,54
5659,69.5
5660,-133
5661,146
5662,58.5
5663,-44
5664,-112
5665,-127.5
5666,54
5667,83
5668,-122
5669,-19.5
5670,-69.5
5671,-116.5
5672,-116.5
5673,-107.5
5674,26
5675,-13
5676,98.5
5677,249
5678,54.5
5679,37
5680,-91.5
5681,-116.5
5682,-108
5683,-111
5684,-116.5
5685,-64.5
5686,204.5
5687,78
5688,68
5689,87
5690,-189
5691,210
5692,137
5693,68
5694,-111
5695,-91.5
5696,49
5697,-111
5698,-116.5
5699,88
5700,-117.5
5701,53.5
5702,29
5703,54
5704,54
5705,-96.5
5706,244.5
5707,54
5708,-49
5709,171
5710,-100.5
5711,-73.5
5712,54
5713,54
5714,283.5
5715,-69
5716,-111
5717,29.5
5718,54
5719,88
5720,-81.5
5721,107
5722,54
5723,204.5
5724,54
5725,-207
5726,54
5727,49
5728,24.5
5729,278.5
5730,-88
5731,40.5
5732,-51.5
5733,88
5734,-111
5735,-134
5736,251
5737,-111
5738,49.5
5739,-111
5740,-178
5741,248
5742,-102.5
5743,57.5
5744,39
5745,-122.5
5746,-116.5
5747,-112
5748,48.5
5749,112.5
5750,168
5751,-55
5752,-116.5
5753,-79.5
5754,143.5
5755,-9.5
5756,224
5757,5
5758,12.5
5759,-45.5
5760,-91.5
5761,82.5
5762,-116.5
5763,14.5
5764,0.5
5765,-112
5766,-83.5
5767,-112
5768,-10
5769,-116.5
5770,-133
5771,150.5
5772,29.5
5773,104
5774,180
5775,-78.5
5776,29.5
5777,-49.5
5778,-10
5779,54
5780,-130
5781,-69
5782,180.5
5783,180.5
5784,39
5785,88.5
5786,54
5787,-111
5788,54
5789,206
5790,-203
5791,-36
5792,58.5
5793,-102.5
5794,109
5795,-92.5
5796,47
5797,259
5798,49
5799,-116.5
5800,54
5801,245.5
5802,48
5803,-74.5
5804,-102.5
5805,-87
5806,-116.5
5807,130.5
5808,54
5809,11.5
5810,257
5811,-2
5812,-26.5
5813,-18.5
5814,-14.5
5815,-148.5
5816,-59.5
5817,129.5
5818,-116
5819,203.5
5820,-154.5
5821,54
5822,94.5
5823,-116.5
5824,-44
5825,-82
5826,106
5827,181.5
5828,208
5829,78
5830,-100.5
5831,89.5
5832,-116.5
5833,-112
5834,-98
5835,119
5836,66
5837,-111
5838,-59
5839,138.5
5840,-92.5
5841,-116.5
5842,88
5843,19.5
5844,-102
5845,-123
5846,62.5
5847,-112
5848,-116.5
5849,94.5
5850,-191
5851,-111
5852,237.5
5853,130.5
5854,11
5855,1037.5
5856,53
5857,62.5
5858,-74
5859,148
5860,-91.5
5861,-83.5
5862,138.5
5863,49
5864,-48.5
5865,-6.5
5866,137.5
5867,240.5
5868,150
5869,146
5870,119
5871,-79
5872,44.5
5873,-116.5
5874,-55
5875,-74
5876,97.5
5877,47
5878,72
5879,-116.5
5880,-6.5
5881,36.5
5882,-47
5883,54
5884,188.5
5885,155
5886,149.5
5887,133
5888,45.5
5889,-83.5
5890,-92
5891,-79
5892,88.5
5893,64.5
5894,-116.5
5895,-122
5896,-18
5897,64
5898,-18
5899,97
5900,-163.5
5901,-111
5902,112
5903,-128.5
5904,-116.5
5905,-76.5
5906,108.5
5907,-116.5
5908,-112
5909,54
5910,-144
5911,-88
5912,-116.5
5913,-112
5914,-116.5
5915,-96.5
5916,54
5917,141.5
5918,194.5
5919,-98
5920,-100.5
5921,49
5922,54
5923,-116.5
5924,54
5925,515.5
5926,63
5927,54
5928,142
5929,54
5930,-101
5931,5
5932,205
5933,-111
5934,235.5
5935,-133.5
5936,45
5937,-111
5938,54
5939,63
5940,-103
5941,54
5942,53.5
5943,54
5944,-102.5
5945,-100.5
5946,54
5947,49
5948,425
5949,34
5950,-82.5
5951,54
5952,-116.5
5953,5
5954,48.5
5955,-29.5
5956,49
5957,54
5958,-116.5
5959,93
5960,-260
5961,-102.5
5962,24.5
5963,283.5
5964,48.5
5965,-87
5966,54
5967,54
5968,-19.5
5969,49
5970,-143.5
5971,-102.5
5972,-111
5973,8
5974,-116.5
5975,107.5
5976,107.5
5977,54
5978,63
5979,54
5980,-404.5
5981,112
5982,54
5983,75
5984,89
5985,-100.5
5986,120.5
5987,54
5988,54
5989,49
5990,-101
5991,258.5
5992,54
5993,-19.5
5994,137.5
5995,-96.5
5996,92
5997,48.5
5998,-19.5
5999,52
6000,-39.5
6001,104
6002,-122
6003,-112
6004,54
6005,-100.5
6006,-112
6007,-116.5
6008,131.5
6009,0
6010,-117.5
6011,34
6012,141
6013,54
6014,54
6015,185
6016,54
6017,-6.5
6018,-93
6019,54
6020,-91.5
6021,54
6022,225
6023,112
6024,54
6025,-100.5
6026,91
6027,-68.5
6028,54
6029,68.5
6030,-111
6031,104
6032,73
6033,151
6034,54
6035,-96.5
6036,-111
6037,54
6038,54
6039,54
6040,-121.5
6041,-116.5
6042,-49.5
6043,58.5
6044,-69
6045,-48.5
6046,54
6047,54
6048,54
6049,54
6050,-122
6051,-111
6052,200
6053,54
6054,-122
6055,-100.5
6056,89.5
6057,107
6058,-122
6059,54
6060,-170.5
6061,-58.5
6062,-102.5
6063,293.5
6064,54
6065,-92
6066,39
6067,54
6068,54
6069,54
6070,-101
6071,54
6072,54
6073,-19.5
6074,-68.5
6075,-106.5
6076,52
6077,83
6078,29.5
6079,-116.5
6080,-106.5
6081,49
6082,54
6083,247
6084,49
6085,-92
6086,54
6087,-19.5
6088,185.5
6089,-25.5
6090,-83.5
6091,-19.5
6092,54
6093,24.5
6094,-6
6095,-117.5
6096,303
6097,54
6098,19
6099,-116.5
6100,-73
6101,53.5
6102,74.5
6103,-122
6104,141
6105,-92
6106,97
6107,54
6108,39
6109,-111
6110,78
6111,-102.5
6112,-116.5
6113,-116.5
6114,-69
6115,-29.5
6116,219.5
6117,-102.5
6118,-44
6119,54
6120,-35
6121,-102.5
6122,-88
6123,-56
6124,54
6125,73
6126,-50.5
6127,87
6128,-35
6129,53.5
6130,-169.5
6131,-69
6132,68.5
6133,29.5
6134,371
6135,-63.5
6136,-30
6137,68.5
6138,54
6139,-43.5
6140,-62.5
6141,54
6142,54
6143,54
6144,-116.5
6145,54
6146,142.5
6147,-112
6148,-116.5
6149,-34.5
6150,10
6151,54
6152,-112
6153,54
6154,219.5
6155,131.5
6156,54
6157,54
6158,54.5
6159,-88
6160,-20
6161,-116.5
6162,112
6163,-111
6164,54
6165,-127
6166,-116.5
6167,-35
6168,54
6169,-116.5
6170,-112
6171,54
6172,145.5
6173,205
6174,54
6175,-116.5
6176,54
6177,201
6178,-116.5
6179,-111
6180,-82.5
6181,54
6182,-44
6183,54
6184,-58.5
6185,-104
6186,-116.5
6187,54
6188,220
6189,111.5
6190,-77
6191,54
6192,54
6193,69.5
6194,-106.5
6195,-100.5
6196,54
6197,54
6198,-116
6199,250
6200,331
6201,107.5
6202,142
6203,83
6204,231.5
6205,-101
6206,141
6207,-102.5
6208,-102.5
6209,115.5
6210,220
6211,-33
6212,-63
6213,322
6214,54
6215,-107.5
6216,54
6217,-102.5
6218,54
6219,-116.5
6220,-174.5
6221,57
6222,235.5
6223,53
6224,-116.5
6225,-69
6226,141
6227,-19.5
6228,170.5
6229,88
6230,-96
6231,54
6232,14.5
6233,54
6234,54
6235,-149.5
6236,268
6237,253.5
6238,54
6239,54
6240,-111
6241,54
6242,275.5
6243,53
6244,-102.5
6245,-146.5
6246,54
6247,259
6248,54
6249,-24.5
6250,-111
6251,43.5
6252,184.5
6253,54
6254,-108.5
6255,-87
6256,54
6257,205
6258,5
6259,175
6260,-127.5
6261,-116.5
6262,-116.5
6263,-116.5
6264,351.5
6265,527
6266,222.5
6267,-116.5
6268,307.5
6269,54
6270,201.5
6271,199.5
6272,170.5
6273,-116.5
6274,5
6275,-108
6276,-111
6277,121.5
6278,54
6279,-111
6280,214
6281,-116.5
6282,54
6283,102
6284,-116.5
6285,-111
6286,199.5
6287,217
6288,29.5
6289,54
6290,-51
6291,-116.5
6292,-116.5
6293,5
6294,54
6295,-127
6296,54
6297,67.5
6298,-74.5
6299,-116.5
6300,-55
6301,54
6302,-33
6303,251
6304,54
6305,-138
6306,89
6307,201
6308,-116.5
6309,19
6310,-91.5
6311,54
6312,-19.5
6313,54
6314,83
6315,-91.5
6316,127
6317,35
6318,136.5
6319,251
6320,-87
6321,-63
6322,197
6323,396.5
6324,132
6325,-127
6326,-72.5
6327,201
6328,69.5
6329,221
6330,182
6331,65
6332,54
6333,59.5
6334,305
6335,-116
6336,50
6337,308.5
6338,224
6339,54
6340,-9
6341,326.5
6342,303.5
6343,415.5
6344,69
6345,-37
6346,107
6347,196
6348,141.5
6349,-63
6350,142
6351,-78
6352,15
6353,201
6354,-77
6355,-116.5
6356,-116.5
6357,-116.5
6358,-116.5
6359,29.5
6360,273
6361,49
6362,-116
6363,79
6364,103
6365,-81.5
6366,-77
6367,-111
6368,221
6369,148
6370,6
6371,-33
6372,54
6373,58.5
6374,329.5
6375,11.5
6376,103
6377,318
6378,147.5
6379,235
6380,-133.5
6381,291.5
6382,89.5
6383,54
6384,68
6385,-100.5
6386,382
6387,-116.5
6388,-112
6389,-112
6390,189.5
6391,251
6392,54
6393,251
6394,54
6395,-181
6396,265.5
6397,16
6398,-44
6399,50
6400,418.5
6401,283.5
6402,54
6403,29.5
6404,257.5
6405,-217.5
6406,-112
6407,-116.5
6408,106.5
6409,497
6410,-87
6411,-44
6412,-116.5
6413,59.5
6414,5
6415,-138.5
6416,-116.5
6417,54
6418,-77
6419,68
6420,-96
6421,-116.5
6422,-19.5
6423,-112
6424,221
6425,98.5
6426,109
6427,-116.5
6428,68.5
6429,53.5
6430,695.5
6431,-29.5
6432,126
6433,-68.5
6434,-116
6435,-100.5
6436,54
6437,89
6438,29.5
6439,54
6440,-51
6441,590.5
6442,54
6443,1
6444,-116.5
6445,-116
6446,68.5
6447,54
6448,54
6449,29.5
6450,-102
6451,-111
6452,54
6453,184.5
6454,-122
6455,-228
6456,257.5
6457,-19.5
6458,-44
6459,102
6460,-231
6461,54
6462,1
6463,29.5
6464,-116.5
6465,1026.5
6466,54
6467,202
6468,645.5
6469,226.5
6470,79.5
6471,69.5
6472,69.5
6473,220
6474,54
6475,-100.5
6476,-116.5
6477,-112
6478,68.5
6479,-89
6480,-79
6481,53.5
6482,88
6483,-19.5
6484,-111
6485,-20.5
6486,724.5
6487,54
6488,54
6489,54
6490,-132.5
6491,200
6492,-44
6493,54
6494,-116
6495,5.5
6496,-116
6497,654.5
6498,251
6499,54
6500,251
6501,96
6502,219.5
6503,-122
6504,-112
6505,-100.5
6506,-116.5
6507,-58.5
6508,-45
6509,106.5
6510,658
6511,180
6512,68.5
6513,54
6514,-116.5
6515,-122
6516,53.5
6517,54
6518,54
6519,-35
6520,197.5
6521,-5.5
6522,207
6523,-45
6524,-130.5
6525,1429.5
6526,54
6527,-19.5
6528,54
6529,-107.5
6530,-77
6531,4.5
6532,3.5
6533,210
6534,-116.5
6535,-116.5
6536,54
6537,-111
6538,24
6539,214.5
6540,-96
6541,-116.5
6542,-112
6543,54
6544,121
6545,331.5
6546,107.5
6547,54
6548,54
6549,54
6550,-41
6551,-111
6552,88
6553,199.5
6554,-80
6555,-97.5
6556,69.5
6557,29.5
6558,54
6559,54
6560,-63.5
6561,54
6562,54
6563,54
6564,88
6565,-107.5
6566,53
6567,107
6568,54
6569,-88
6570,-96
6571,19
6572,53
6573,54
6574,54
6575,10
6576,54
6577,200
6578,54
6579,-116.5
6580,123
6581,376.5
6582,-64
6583,-44
6584,54
6585,-91.5
6586,-116.5
6587,-68.5
6588,-39.5
6589,54
6590,-138.5
6591,251
6592,104
6593,82
6594,-44.5
6595,2.5
6596,-122
6597,244
6598,263.5
6599,-55.5
6600,-116.5
6601,68
6602,224
6603,54
6604,-116.5
6605,-265.5
6606,54
6607,54
6608,54
6609,-116.5
6610,-373
6611,227.5
6612,-116.5
6613,54
6614,98.5
6615,-100.5
6616,53.5
6617,-116.5
6618,342
6619,54
6620,-91.5
6621,251
6622,54
6623,-112
6624,-68.5
6625,-111
6626,54
6627,54
6628,54
6629,48.5
6630,-116
6631,205
6632,200
6633,54
6634,58.5
6635,11
6636,54
6637,-88
6638,-19.5
6639,244
6640,157
6641,29.5
6642,54
6643,54
6644,54
6645,11.5
6646,-88
6647,497
6648,89
6649,54
6650,-107.5
6651,54
6652,54
6653,142