108 182
107 182
106 182
106 183
108 182
108 181
108 180
108 179
108 178
109 178
110 178
112 178
113 178
114 178
108 182
109 182
110 182
112 182
114 182
116 182
117 182
119 182
120 182
122 182
125 182
125 185
108 182
109 182
110 182
110 183
110 184
111 184
112 184
113 184
114 184
116 184
119 184
121 184
121 182
123 182
123 180
123 179
123 177
108 182
108 181
108 180
107 180
107 179
108 179
109 179
111 179
113 179
113 181
113 183
115 183
118 183
118 180
115 180
115 183
118 183
122 183
126 183
131 183
135 183
138 183
140 183
140 181
140 179
140 176
140 174
140 171
140 168
108 182
108 181
109 181
111 181
113 181
116 181
120 181
125 181
130 181
134 181
139 181
139 176
139 172
139 167
108 182
108 181
109 181
109 180
108 180
108 181
108 182
108 184
108 182
108 180
108 178
110 178
113 178
117 178
122 178
127 178
131 178
136 178
141 178
141 173
141 168
141 163
108 182
108 180
108 179
109 179
110 179
112 179
115 179
119 179
122 179
126 179
126 183
130 183
135 183
139 183
142 183
142 180
142 178
140 178
140 176
140 173
140 171
140 169
140 168
140 166
140 163
140 159
108 182
108 180
108 178
108 182
107 182
107 181
107 180
107 179
108 179
110 179
113 179
117 179
122 179
127 179
132 179
137 179
141 179
141 175
141 170
141 165
136 165
136 160
141 160
141 165
141 169
141 172
144 172
144 169
141 169
139 169
139 167
137 167
137 165
137 164
137 163
137 161
137 158
108 182
108 180
108 179
108 178
109 178
109 179
110 179
111 179
112 179
113 179
115 179
116 179
118 179
121 179
123 179
124 179
126 179
129 179
133 179
138 179
138 174
143 174
143 169
143 165
139 165
139 161
139 158
136 158
134 158
133 158
133 157
133 156
108 182
108 181
108 179
110 179
111 179
112 179
114 179
117 179
120 179
124 179
127 179
131 179
134 179
136 179
136 181
138 181
138 183
138 184
138 185
137 185
136 185
135 185
133 185
133 183
133 180
133 176
137 176
141 176
141 172
141 167
141 162
136 162
136 157
131 157
